# Format: <source_state_id> <instruction_id> <target_state_id>
0 0 1
12 38 20
12 35 21
12 31 22
20 1 12
20 0 74
21 1 12
21 0 73
22 35 23
22 38 24
22 129 25
22 82 12
23 1 22
23 0 72
24 1 22
24 0 59
25 35 26
25 38 27
25 129 28
25 82 12
26 1 25
26 0 58
27 1 25
27 0 45
28 35 29
28 38 30
28 129 22
28 82 12
29 1 28
29 0 44
30 1 28
30 0 31
31 1 28
31 98 32
32 130 33
32 1 28
32 105 34
32 127 31
33 130 37
33 1 28
33 105 38
33 127 31
34 1 28
34 131 35
34 121 32
35 1 28
35 131 36
35 121 32
36 1 28
36 131 34
36 121 32
37 1 28
37 105 41
37 130 32
37 127 31
38 1 28
38 131 39
38 121 33
39 1 28
39 131 40
39 121 33
40 1 28
40 131 38
40 121 33
41 1 28
41 131 42
41 121 37
42 1 28
42 131 43
42 121 37
43 1 28
43 131 41
43 121 37
44 1 28
45 1 25
45 98 46
46 130 47
46 1 25
46 105 48
46 127 45
47 130 51
47 1 25
47 105 52
47 127 45
48 1 25
48 131 49
48 121 46
49 1 25
49 131 50
49 121 46
50 1 25
50 131 48
50 121 46
51 1 25
51 105 55
51 130 46
51 127 45
52 1 25
52 131 53
52 121 47
53 1 25
53 131 54
53 121 47
54 1 25
54 131 52
54 121 47
55 1 25
55 131 56
55 121 51
56 1 25
56 131 57
56 121 51
57 1 25
57 131 55
57 121 51
58 1 25
59 1 22
59 98 60
60 130 61
60 1 22
60 105 62
60 127 59
61 130 65
61 1 22
61 105 66
61 127 59
62 1 22
62 131 63
62 121 60
63 1 22
63 131 64
63 121 60
64 1 22
64 131 62
64 121 60
65 1 22
65 105 69
65 130 60
65 127 59
66 1 22
66 131 67
66 121 61
67 1 22
67 131 68
67 121 61
68 1 22
68 131 66
68 121 61
69 1 22
69 131 70
69 121 65
70 1 22
70 131 71
70 121 65
71 1 22
71 131 69
71 121 65
72 1 22
73 1 12
74 1 12
74 98 75
75 130 76
75 1 12
75 105 77
75 127 74
76 130 80
76 1 12
76 105 81
76 127 74
77 1 12
77 131 78
77 121 75
78 1 12
78 131 79
78 121 75
79 1 12
79 131 77
79 121 75
80 1 12
80 105 84
80 130 75
80 127 74
81 1 12
81 131 82
81 121 76
82 1 12
82 131 83
82 121 76
83 1 12
83 131 81
83 121 76
84 1 12
84 131 85
84 121 80
85 1 12
85 131 86
85 121 80
86 1 12
86 131 84
86 121 80
