# Format: <source_state_id> <instruction_id> <target_state_id>
0 0 1
10 68 20
10 62 21
20 1 10
20 0 66
21 68 22
21 81 23
21 76 10
22 1 21
22 0 53
23 68 24
23 81 25
23 76 10
24 1 23
24 0 40
25 68 26
25 81 21
25 76 10
26 1 25
26 0 27
27 1 25
27 15 28
28 1 25
28 79 29
28 22 30
28 44 27
29 1 25
29 79 33
29 22 34
29 44 27
30 1 25
30 80 31
30 38 28
31 1 25
31 80 32
31 38 28
32 1 25
32 80 30
32 38 28
33 22 37
33 1 25
33 79 28
33 44 27
34 1 25
34 80 35
34 38 29
35 1 25
35 80 36
35 38 29
36 1 25
36 80 34
36 38 29
37 1 25
37 80 38
37 38 33
38 1 25
38 80 39
38 38 33
39 1 25
39 80 37
39 38 33
40 1 23
40 15 41
41 1 23
41 79 42
41 22 43
41 44 40
42 1 23
42 79 46
42 22 47
42 44 40
43 1 23
43 80 44
43 38 41
44 1 23
44 80 45
44 38 41
45 1 23
45 80 43
45 38 41
46 22 50
46 1 23
46 79 41
46 44 40
47 1 23
47 80 48
47 38 42
48 1 23
48 80 49
48 38 42
49 1 23
49 80 47
49 38 42
50 1 23
50 80 51
50 38 46
51 1 23
51 80 52
51 38 46
52 1 23
52 80 50
52 38 46
53 1 21
53 15 54
54 1 21
54 79 55
54 22 56
54 44 53
55 1 21
55 79 59
55 22 60
55 44 53
56 1 21
56 80 57
56 38 54
57 1 21
57 80 58
57 38 54
58 1 21
58 80 56
58 38 54
59 22 63
59 1 21
59 79 54
59 44 53
60 1 21
60 80 61
60 38 55
61 1 21
61 80 62
61 38 55
62 1 21
62 80 60
62 38 55
63 1 21
63 80 64
63 38 59
64 1 21
64 80 65
64 38 59
65 1 21
65 80 63
65 38 59
66 1 10
66 15 67
67 1 10
67 79 68
67 22 69
67 44 66
68 1 10
68 79 72
68 22 73
68 44 66
69 1 10
69 80 70
69 38 67
70 1 10
70 80 71
70 38 67
71 1 10
71 80 69
71 38 67
72 22 76
72 1 10
72 79 67
72 44 66
73 1 10
73 80 74
73 38 68
74 1 10
74 80 75
74 38 68
75 1 10
75 80 73
75 38 68
76 1 10
76 80 77
76 38 72
77 1 10
77 80 78
77 38 72
78 1 10
78 80 76
78 38 72
