# Format: <source_state_id> <instruction_id> <target_state_id>
0 0 1
13 147 20
13 142 21
13 48 22
13 44 23
13 40 24
13 36 25
20 1 13
20 0 260
21 1 13
21 0 259
22 1 13
22 0 258
23 1 13
23 0 257
24 1 13
24 0 256
25 147 26
25 142 27
25 48 28
25 44 29
25 40 30
25 157 31
25 59 32
25 101 33
25 154 13
26 1 25
26 0 255
27 1 25
27 0 254
28 1 25
28 0 253
29 1 25
29 0 252
30 1 25
30 0 251
31 147 98
31 142 99
31 48 100
31 44 101
31 40 102
31 157 103
31 59 104
31 101 105
31 154 13
32 147 66
32 142 67
32 48 68
32 44 69
32 40 70
32 158 71
32 75 25
33 142 34
33 48 35
33 44 36
33 147 38
33 160 39
33 40 37
33 118 25
34 1 33
34 0 65
35 1 33
35 0 64
36 1 33
36 0 63
37 1 33
37 0 62
38 1 33
38 0 61
39 142 40
39 48 41
39 44 42
39 147 44
39 160 45
39 40 43
39 118 25
40 1 39
40 0 60
41 1 39
41 0 59
42 1 39
42 0 58
43 1 39
43 0 57
44 1 39
44 0 56
45 142 46
45 48 47
45 44 48
45 147 50
45 160 33
45 40 49
45 118 25
46 1 45
46 0 55
47 1 45
47 0 54
48 1 45
48 0 53
49 1 45
49 0 52
50 1 45
50 0 51
51 1 45
52 1 45
53 1 45
54 1 45
55 1 45
56 1 39
57 1 39
58 1 39
59 1 39
60 1 39
61 1 33
62 1 33
63 1 33
64 1 33
65 1 33
66 1 32
66 0 97
67 1 32
67 0 96
68 1 32
68 0 95
69 1 32
69 0 94
70 1 32
70 0 93
71 147 72
71 142 73
71 48 74
71 44 75
71 40 76
71 158 77
71 75 25
72 1 71
72 0 92
73 1 71
73 0 91
74 1 71
74 0 90
75 1 71
75 0 89
76 1 71
76 0 88
77 147 78
77 142 79
77 48 80
77 44 81
77 40 82
77 158 32
77 75 25
78 1 77
78 0 87
79 1 77
79 0 86
80 1 77
80 0 85
81 1 77
81 0 84
82 1 77
82 0 83
83 1 77
84 1 77
85 1 77
86 1 77
87 1 77
88 1 71
89 1 71
90 1 71
91 1 71
92 1 71
93 1 32
94 1 32
95 1 32
96 1 32
97 1 32
98 1 31
98 0 250
99 1 31
99 0 249
100 1 31
100 0 248
101 1 31
101 0 247
102 1 31
102 0 246
103 147 170
103 142 171
103 48 172
103 44 173
103 59 175
103 101 176
103 40 174
103 157 25
103 154 13
104 147 138
104 142 139
104 48 140
104 44 141
104 40 142
104 158 143
104 75 31
105 142 106
105 48 107
105 44 108
105 147 110
105 160 111
105 40 109
105 118 31
106 1 105
106 0 137
107 1 105
107 0 136
108 1 105
108 0 135
109 1 105
109 0 134
110 1 105
110 0 133
111 142 112
111 48 113
111 44 114
111 147 116
111 160 117
111 40 115
111 118 31
112 1 111
112 0 132
113 1 111
113 0 131
114 1 111
114 0 130
115 1 111
115 0 129
116 1 111
116 0 128
117 142 118
117 48 119
117 44 120
117 147 122
117 160 105
117 40 121
117 118 31
118 1 117
118 0 127
119 1 117
119 0 126
120 1 117
120 0 125
121 1 117
121 0 124
122 1 117
122 0 123
123 1 117
124 1 117
125 1 117
126 1 117
127 1 117
128 1 111
129 1 111
130 1 111
131 1 111
132 1 111
133 1 105
134 1 105
135 1 105
136 1 105
137 1 105
138 1 104
138 0 169
139 1 104
139 0 168
140 1 104
140 0 167
141 1 104
141 0 166
142 1 104
142 0 165
143 147 144
143 142 145
143 48 146
143 44 147
143 40 148
143 158 149
143 75 31
144 1 143
144 0 164
145 1 143
145 0 163
146 1 143
146 0 162
147 1 143
147 0 161
148 1 143
148 0 160
149 147 150
149 142 151
149 48 152
149 44 153
149 40 154
149 158 104
149 75 31
150 1 149
150 0 159
151 1 149
151 0 158
152 1 149
152 0 157
153 1 149
153 0 156
154 1 149
154 0 155
155 1 149
156 1 149
157 1 149
158 1 149
159 1 149
160 1 143
161 1 143
162 1 143
163 1 143
164 1 143
165 1 104
166 1 104
167 1 104
168 1 104
169 1 104
170 1 103
170 0 245
171 1 103
171 0 244
172 1 103
172 0 243
173 1 103
173 0 242
174 1 103
174 0 241
175 147 209
175 142 210
175 48 211
175 44 212
175 40 213
175 158 214
175 75 103
176 142 177
176 48 178
176 44 179
176 147 181
176 160 182
176 40 180
176 118 103
177 1 176
177 0 208
178 1 176
178 0 207
179 1 176
179 0 206
180 1 176
180 0 205
181 1 176
181 0 204
182 142 183
182 48 184
182 44 185
182 147 187
182 160 188
182 40 186
182 118 103
183 1 182
183 0 203
184 1 182
184 0 202
185 1 182
185 0 201
186 1 182
186 0 200
187 1 182
187 0 199
188 142 189
188 48 190
188 44 191
188 147 193
188 160 176
188 40 192
188 118 103
189 1 188
189 0 198
190 1 188
190 0 197
191 1 188
191 0 196
192 1 188
192 0 195
193 1 188
193 0 194
194 1 188
195 1 188
196 1 188
197 1 188
198 1 188
199 1 182
200 1 182
201 1 182
202 1 182
203 1 182
204 1 176
205 1 176
206 1 176
207 1 176
208 1 176
209 1 175
209 0 240
210 1 175
210 0 239
211 1 175
211 0 238
212 1 175
212 0 237
213 1 175
213 0 236
214 147 215
214 142 216
214 48 217
214 44 218
214 40 219
214 158 220
214 75 103
215 1 214
215 0 235
216 1 214
216 0 234
217 1 214
217 0 233
218 1 214
218 0 232
219 1 214
219 0 231
220 147 221
220 142 222
220 48 223
220 44 224
220 40 225
220 158 175
220 75 103
221 1 220
221 0 230
222 1 220
222 0 229
223 1 220
223 0 228
224 1 220
224 0 227
225 1 220
225 0 226
226 1 220
227 1 220
228 1 220
229 1 220
230 1 220
231 1 214
232 1 214
233 1 214
234 1 214
235 1 214
236 1 175
237 1 175
238 1 175
239 1 175
240 1 175
241 1 103
242 1 103
243 1 103
244 1 103
245 1 103
246 1 31
247 1 31
248 1 31
249 1 31
250 1 31
251 1 25
252 1 25
253 1 25
254 1 25
255 1 25
256 1 13
257 1 13
258 1 13
259 1 13
260 1 13
