# Format: <source_state_id> <instruction_id> <target_state_id>
0 0 1
6 74 20
6 28 21
6 24 22
20 1 6
20 0 107
21 1 6
21 0 106
22 74 23
22 28 24
22 103 25
22 39 26
22 84 6
23 1 22
23 0 103
24 1 22
24 0 102
25 74 47
25 28 48
25 103 49
25 39 50
25 84 6
26 74 27
26 104 29
26 28 28
26 54 22
27 1 26
27 0 44
28 1 26
28 0 43
29 74 30
29 104 32
29 28 31
29 54 22
30 1 29
30 0 40
31 1 29
31 0 39
32 74 33
32 104 26
32 28 34
32 54 22
33 1 32
33 0 36
34 1 32
34 0 35
35 1 32
36 1 32
36 93 37
37 1 36
37 0 38
38 1 36
39 1 29
40 1 29
40 93 41
41 1 40
41 0 42
42 1 40
43 1 26
44 1 26
44 93 45
45 1 44
45 0 46
46 1 44
47 1 25
47 0 99
48 1 25
48 0 98
49 74 71
49 28 72
49 39 73
49 103 22
49 84 6
50 74 51
50 104 53
50 28 52
50 54 25
51 1 50
51 0 68
52 1 50
52 0 67
53 74 54
53 104 56
53 28 55
53 54 25
54 1 53
54 0 64
55 1 53
55 0 63
56 74 57
56 104 50
56 28 58
56 54 25
57 1 56
57 0 60
58 1 56
58 0 59
59 1 56
60 1 56
60 93 61
61 1 60
61 0 62
62 1 60
63 1 53
64 1 53
64 93 65
65 1 64
65 0 66
66 1 64
67 1 50
68 1 50
68 93 69
69 1 68
69 0 70
70 1 68
71 1 49
71 0 95
72 1 49
72 0 94
73 74 74
73 104 76
73 28 75
73 54 49
74 1 73
74 0 91
75 1 73
75 0 90
76 74 77
76 104 79
76 28 78
76 54 49
77 1 76
77 0 87
78 1 76
78 0 86
79 74 80
79 104 73
79 28 81
79 54 49
80 1 79
80 0 83
81 1 79
81 0 82
82 1 79
83 1 79
83 93 84
84 1 83
84 0 85
85 1 83
86 1 76
87 1 76
87 93 88
88 1 87
88 0 89
89 1 87
90 1 73
91 1 73
91 93 92
92 1 91
92 0 93
93 1 91
94 1 49
95 1 49
95 93 96
96 1 95
96 0 97
97 1 95
98 1 25
99 1 25
99 93 100
100 1 99
100 0 101
101 1 99
102 1 22
103 1 22
103 93 104
104 1 103
104 0 105
105 1 103
106 1 6
107 1 6
107 93 108
108 1 107
108 0 109
109 1 107
