# Format: <source_state_id> <instruction_id> <target_state_id>
0 0 1
10 44 21
10 28 22
10 37 23
10 24 24
21 1 10
21 0 47
22 1 10
22 0 46
23 1 10
23 0 45
24 44 25
24 28 26
24 37 27
24 76 28
24 52 10
25 1 24
25 0 44
26 1 24
26 0 43
27 1 24
27 0 42
28 44 29
28 28 30
28 37 31
28 76 32
28 52 10
29 1 28
29 0 41
30 1 28
30 0 40
31 1 28
31 0 39
32 44 33
32 28 34
32 37 35
32 76 24
32 52 10
33 1 32
33 0 38
34 1 32
34 0 37
35 1 32
35 0 36
36 1 32
37 1 32
38 1 32
39 1 28
40 1 28
41 1 28
42 1 24
43 1 24
44 1 24
45 1 10
46 1 10
47 1 10
