# Format: <source_state_id> <instruction_id> <target_state_id>
0 0 1
12 45 20
12 43 21
12 38 22
12 41 23
12 28 24
12 24 25
20 1 12
20 0 116
21 1 12
21 0 103
22 1 12
22 0 102
23 1 12
23 0 101
24 1 12
24 0 100
25 45 26
25 43 27
25 38 28
25 41 29
25 28 30
25 144 31
25 55 12
26 1 25
26 0 97
27 1 25
27 0 84
28 1 25
28 0 83
29 1 25
29 0 82
30 1 25
30 0 81
31 45 32
31 43 33
31 38 34
31 41 35
31 28 36
31 144 37
31 55 12
32 1 31
32 0 78
33 1 31
33 0 65
34 1 31
34 0 64
35 1 31
35 0 63
36 1 31
36 0 62
37 45 38
37 43 39
37 38 40
37 41 41
37 28 42
37 144 25
37 55 12
38 1 37
38 0 59
39 1 37
39 0 46
40 1 37
40 0 45
41 1 37
41 0 44
42 1 37
42 0 43
43 1 37
44 1 37
45 1 37
46 1 37
46 97 47
47 1 37
47 145 48
47 104 49
47 126 46
48 1 37
48 145 52
48 104 53
48 126 46
49 1 37
49 146 50
49 120 47
50 1 37
50 146 51
50 120 47
51 1 37
51 146 49
51 120 47
52 1 37
52 104 56
52 145 47
52 126 46
53 1 37
53 146 54
53 120 48
54 1 37
54 146 55
54 120 48
55 1 37
55 146 53
55 120 48
56 1 37
56 146 57
56 120 52
57 1 37
57 146 58
57 120 52
58 1 37
58 146 56
58 120 52
59 1 37
59 134 60
60 1 59
60 0 61
61 1 59
62 1 31
63 1 31
64 1 31
65 1 31
65 97 66
66 1 31
66 145 67
66 104 68
66 126 65
67 1 31
67 145 71
67 104 72
67 126 65
68 1 31
68 146 69
68 120 66
69 1 31
69 146 70
69 120 66
70 1 31
70 146 68
70 120 66
71 1 31
71 104 75
71 145 66
71 126 65
72 1 31
72 146 73
72 120 67
73 1 31
73 146 74
73 120 67
74 1 31
74 146 72
74 120 67
75 1 31
75 146 76
75 120 71
76 1 31
76 146 77
76 120 71
77 1 31
77 146 75
77 120 71
78 1 31
78 134 79
79 1 78
79 0 80
80 1 78
81 1 25
82 1 25
83 1 25
84 1 25
84 97 85
85 1 25
85 145 86
85 104 87
85 126 84
86 1 25
86 145 90
86 104 91
86 126 84
87 1 25
87 146 88
87 120 85
88 1 25
88 146 89
88 120 85
89 1 25
89 146 87
89 120 85
90 1 25
90 104 94
90 145 85
90 126 84
91 1 25
91 146 92
91 120 86
92 1 25
92 146 93
92 120 86
93 1 25
93 146 91
93 120 86
94 1 25
94 146 95
94 120 90
95 1 25
95 146 96
95 120 90
96 1 25
96 146 94
96 120 90
97 1 25
97 134 98
98 1 97
98 0 99
99 1 97
100 1 12
101 1 12
102 1 12
103 1 12
103 97 104
104 1 12
104 145 105
104 104 106
104 126 103
105 1 12
105 145 109
105 104 110
105 126 103
106 1 12
106 146 107
106 120 104
107 1 12
107 146 108
107 120 104
108 1 12
108 146 106
108 120 104
109 1 12
109 104 113
109 145 104
109 126 103
110 1 12
110 146 111
110 120 105
111 1 12
111 146 112
111 120 105
112 1 12
112 146 110
112 120 105
113 1 12
113 146 114
113 120 109
114 1 12
114 146 115
114 120 109
115 1 12
115 146 113
115 120 109
116 1 12
116 134 117
117 1 116
117 0 118
118 1 116
