# Format: <source_state_id> <instruction_id> <target_state_id>
0 0 1
12 52 20
12 50 21
12 45 22
12 35 23
12 31 24
20 1 12
20 0 90
21 1 12
21 0 89
22 1 12
22 0 88
23 1 12
23 0 87
24 52 25
24 50 26
24 45 27
24 35 28
24 165 29
24 87 12
25 1 24
25 0 74
26 1 24
26 0 73
27 1 24
27 0 72
28 1 24
28 0 71
29 52 30
29 50 31
29 45 32
29 35 33
29 165 34
29 87 12
30 1 29
30 0 58
31 1 29
31 0 57
32 1 29
32 0 56
33 1 29
33 0 55
34 52 35
34 50 36
34 45 37
34 35 38
34 165 24
34 87 12
35 1 34
35 0 42
36 1 34
36 0 41
37 1 34
37 0 40
38 1 34
38 0 39
39 1 34
40 1 34
41 1 34
42 1 34
42 133 43
43 1 34
43 166 44
43 140 45
43 162 42
44 1 34
44 166 48
44 140 49
44 162 42
45 1 34
45 167 46
45 156 43
46 1 34
46 167 47
46 156 43
47 1 34
47 167 45
47 156 43
48 1 34
48 140 52
48 166 43
48 162 42
49 1 34
49 167 50
49 156 44
50 1 34
50 167 51
50 156 44
51 1 34
51 167 49
51 156 44
52 1 34
52 167 53
52 156 48
53 1 34
53 167 54
53 156 48
54 1 34
54 167 52
54 156 48
55 1 29
56 1 29
57 1 29
58 1 29
58 133 59
59 1 29
59 166 60
59 140 61
59 162 58
60 1 29
60 166 64
60 140 65
60 162 58
61 1 29
61 167 62
61 156 59
62 1 29
62 167 63
62 156 59
63 1 29
63 167 61
63 156 59
64 1 29
64 140 68
64 166 59
64 162 58
65 1 29
65 167 66
65 156 60
66 1 29
66 167 67
66 156 60
67 1 29
67 167 65
67 156 60
68 1 29
68 167 69
68 156 64
69 1 29
69 167 70
69 156 64
70 1 29
70 167 68
70 156 64
71 1 24
72 1 24
73 1 24
74 1 24
74 133 75
75 1 24
75 166 76
75 140 77
75 162 74
76 1 24
76 166 80
76 140 81
76 162 74
77 1 24
77 167 78
77 156 75
78 1 24
78 167 79
78 156 75
79 1 24
79 167 77
79 156 75
80 1 24
80 140 84
80 166 75
80 162 74
81 1 24
81 167 82
81 156 76
82 1 24
82 167 83
82 156 76
83 1 24
83 167 81
83 156 76
84 1 24
84 167 85
84 156 80
85 1 24
85 167 86
85 156 80
86 1 24
86 167 84
86 156 80
87 1 12
88 1 12
89 1 12
90 1 12
90 133 91
91 1 12
91 166 92
91 140 93
91 162 90
92 1 12
92 166 96
92 140 97
92 162 90
93 1 12
93 167 94
93 156 91
94 1 12
94 167 95
94 156 91
95 1 12
95 167 93
95 156 91
96 1 12
96 140 100
96 166 91
96 162 90
97 1 12
97 167 98
97 156 92
98 1 12
98 167 99
98 156 92
99 1 12
99 167 97
99 156 92
100 1 12
100 167 101
100 156 96
101 1 12
101 167 102
101 156 96
102 1 12
102 167 100
102 156 96
