# Format: <source_state_id> <instruction_id> <target_state_id>
0 0 1
14 34 23
14 30 24
14 25 25
23 1 14
23 0 89
24 1 14
24 0 76
25 34 26
25 30 27
25 128 28
25 55 14
26 1 25
26 0 75
27 1 25
27 0 62
28 34 29
28 30 30
28 128 31
28 55 14
29 1 28
29 0 61
30 1 28
30 0 48
31 34 32
31 30 33
31 128 25
31 55 14
32 1 31
32 0 47
33 1 31
33 0 34
34 1 31
34 71 35
35 1 31
35 129 36
35 78 37
35 100 34
36 1 31
36 129 40
36 78 41
36 100 34
37 1 31
37 130 38
37 94 35
38 1 31
38 130 39
38 94 35
39 1 31
39 130 37
39 94 35
40 1 31
40 78 44
40 129 35
40 100 34
41 1 31
41 130 42
41 94 36
42 1 31
42 130 43
42 94 36
43 1 31
43 130 41
43 94 36
44 1 31
44 130 45
44 94 40
45 1 31
45 130 46
45 94 40
46 1 31
46 130 44
46 94 40
47 1 31
48 1 28
48 71 49
49 1 28
49 129 50
49 78 51
49 100 48
50 1 28
50 129 54
50 78 55
50 100 48
51 1 28
51 130 52
51 94 49
52 1 28
52 130 53
52 94 49
53 1 28
53 130 51
53 94 49
54 1 28
54 78 58
54 129 49
54 100 48
55 1 28
55 130 56
55 94 50
56 1 28
56 130 57
56 94 50
57 1 28
57 130 55
57 94 50
58 1 28
58 130 59
58 94 54
59 1 28
59 130 60
59 94 54
60 1 28
60 130 58
60 94 54
61 1 28
62 1 25
62 71 63
63 1 25
63 129 64
63 78 65
63 100 62
64 1 25
64 129 68
64 78 69
64 100 62
65 1 25
65 130 66
65 94 63
66 1 25
66 130 67
66 94 63
67 1 25
67 130 65
67 94 63
68 1 25
68 78 72
68 129 63
68 100 62
69 1 25
69 130 70
69 94 64
70 1 25
70 130 71
70 94 64
71 1 25
71 130 69
71 94 64
72 1 25
72 130 73
72 94 68
73 1 25
73 130 74
73 94 68
74 1 25
74 130 72
74 94 68
75 1 25
76 1 14
76 71 77
77 1 14
77 129 78
77 78 79
77 100 76
78 1 14
78 129 82
78 78 83
78 100 76
79 1 14
79 130 80
79 94 77
80 1 14
80 130 81
80 94 77
81 1 14
81 130 79
81 94 77
82 1 14
82 78 86
82 129 77
82 100 76
83 1 14
83 130 84
83 94 78
84 1 14
84 130 85
84 94 78
85 1 14
85 130 83
85 94 78
86 1 14
86 130 87
86 94 82
87 1 14
87 130 88
87 94 82
88 1 14
88 130 86
88 94 82
89 1 14
