# Format: <source_state_id> <instruction_id> <target_state_id>
0 0 1
9 34 20
9 22 21
9 31 22
9 18 23
20 1 9
20 0 54
21 1 9
21 0 53
22 1 9
22 0 50
23 34 24
23 31 25
23 22 26
23 68 27
23 41 9
24 1 23
24 0 49
25 1 23
25 0 46
26 1 23
26 0 45
27 34 28
27 31 29
27 22 30
27 68 31
27 41 9
28 1 27
28 0 44
29 1 27
29 0 41
30 1 27
30 0 40
31 34 32
31 31 33
31 22 34
31 68 23
31 41 9
32 1 31
32 0 39
33 1 31
33 0 36
34 1 31
34 0 35
35 1 31
36 1 31
36 50 37
37 1 36
37 0 38
38 1 36
39 1 31
40 1 27
41 1 27
41 50 42
42 1 41
42 0 43
43 1 41
44 1 27
45 1 23
46 1 23
46 50 47
47 1 46
47 0 48
48 1 46
49 1 23
50 1 9
50 50 51
51 1 50
51 0 52
52 1 50
53 1 9
54 1 9
