# Format: <source_state_id> <instruction_id> <target_state_id>
0 0 1
16 44 22
16 39 23
16 36 24
16 45 25
16 32 26
22 1 16
22 0 104
23 1 16
23 0 91
24 1 16
24 0 90
25 1 16
25 0 89
26 45 27
26 44 28
26 39 29
26 36 30
26 152 31
26 69 16
27 1 26
27 0 88
28 1 26
28 0 87
29 1 26
29 0 74
30 1 26
30 0 73
31 45 32
31 44 33
31 39 34
31 36 35
31 152 36
31 69 16
32 1 31
32 0 72
33 1 31
33 0 71
34 1 31
34 0 58
35 1 31
35 0 57
36 45 37
36 44 38
36 39 39
36 36 40
36 152 26
36 69 16
37 1 36
37 0 56
38 1 36
38 0 55
39 1 36
39 0 42
40 1 36
40 0 41
41 1 36
42 1 36
42 89 43
43 153 44
43 96 45
43 1 36
43 118 42
44 153 48
44 96 49
44 1 36
44 118 42
45 1 36
45 154 46
45 112 43
46 1 36
46 154 47
46 112 43
47 1 36
47 154 45
47 112 43
48 96 52
48 153 43
48 1 36
48 118 42
49 1 36
49 154 50
49 112 44
50 1 36
50 154 51
50 112 44
51 1 36
51 154 49
51 112 44
52 1 36
52 154 53
52 112 48
53 1 36
53 154 54
53 112 48
54 1 36
54 154 52
54 112 48
55 1 36
56 1 36
57 1 31
58 1 31
58 89 59
59 153 60
59 96 61
59 1 31
59 118 58
60 153 64
60 96 65
60 1 31
60 118 58
61 1 31
61 154 62
61 112 59
62 1 31
62 154 63
62 112 59
63 1 31
63 154 61
63 112 59
64 96 68
64 153 59
64 1 31
64 118 58
65 1 31
65 154 66
65 112 60
66 1 31
66 154 67
66 112 60
67 1 31
67 154 65
67 112 60
68 1 31
68 154 69
68 112 64
69 1 31
69 154 70
69 112 64
70 1 31
70 154 68
70 112 64
71 1 31
72 1 31
73 1 26
74 1 26
74 89 75
75 153 76
75 96 77
75 1 26
75 118 74
76 153 80
76 96 81
76 1 26
76 118 74
77 1 26
77 154 78
77 112 75
78 1 26
78 154 79
78 112 75
79 1 26
79 154 77
79 112 75
80 96 84
80 153 75
80 1 26
80 118 74
81 1 26
81 154 82
81 112 76
82 1 26
82 154 83
82 112 76
83 1 26
83 154 81
83 112 76
84 1 26
84 154 85
84 112 80
85 1 26
85 154 86
85 112 80
86 1 26
86 154 84
86 112 80
87 1 26
88 1 26
89 1 16
90 1 16
91 1 16
91 89 92
92 153 93
92 96 94
92 1 16
92 118 91
93 153 97
93 96 98
93 1 16
93 118 91
94 1 16
94 154 95
94 112 92
95 1 16
95 154 96
95 112 92
96 1 16
96 154 94
96 112 92
97 96 101
97 153 92
97 1 16
97 118 91
98 1 16
98 154 99
98 112 93
99 1 16
99 154 100
99 112 93
100 1 16
100 154 98
100 112 93
101 1 16
101 154 102
101 112 97
102 1 16
102 154 103
102 112 97
103 1 16
103 154 101
103 112 97
104 1 16
