# Format: <source_state_id> <instruction_id> <target_state_id>
0 0 1
10 43 20
10 46 21
10 33 22
10 25 23
10 21 24
20 1 10
20 0 62
21 1 10
21 0 59
22 1 10
22 0 58
23 1 10
23 0 57
24 43 25
24 46 26
24 33 27
24 25 28
24 80 29
24 53 10
25 1 24
25 0 56
26 1 24
26 0 53
27 1 24
27 0 52
28 1 24
28 0 51
29 43 30
29 46 31
29 33 32
29 25 33
29 80 34
29 53 10
30 1 29
30 0 50
31 1 29
31 0 47
32 1 29
32 0 46
33 1 29
33 0 45
34 43 35
34 46 36
34 33 37
34 25 38
34 80 24
34 53 10
35 1 34
35 0 44
36 1 34
36 0 41
37 1 34
37 0 40
38 1 34
38 0 39
39 1 34
40 1 34
41 1 34
41 70 42
42 1 41
42 0 43
43 1 41
44 1 34
45 1 29
46 1 29
47 1 29
47 70 48
48 1 47
48 0 49
49 1 47
50 1 29
51 1 24
52 1 24
53 1 24
53 70 54
54 1 53
54 0 55
55 1 53
56 1 24
57 1 10
58 1 10
59 1 10
59 70 60
60 1 59
60 0 61
61 1 59
62 1 10
