# Format: <source_state_id> <instruction_id> <target_state_id>
0 0 1
10 57 20
10 45 21
10 35 22
10 30 23
20 1 10
20 0 52
21 1 10
21 0 51
22 1 10
22 0 50
23 45 24
23 35 25
23 57 26
23 83 27
23 64 10
24 1 23
24 0 49
25 1 23
25 0 48
26 1 23
26 0 45
27 45 28
27 35 29
27 57 30
27 83 31
27 64 10
28 1 27
28 0 44
29 1 27
29 0 43
30 1 27
30 0 40
31 45 32
31 35 33
31 57 34
31 83 23
31 64 10
32 1 31
32 0 39
33 1 31
33 0 38
34 1 31
34 0 35
35 1 31
35 73 36
36 1 35
36 0 37
37 1 35
38 1 31
39 1 31
40 1 27
40 73 41
41 1 40
41 0 42
42 1 40
43 1 27
44 1 27
45 1 23
45 73 46
46 1 45
46 0 47
47 1 45
48 1 23
49 1 23
50 1 10
51 1 10
52 1 10
52 73 53
53 1 52
53 0 54
54 1 52
