# Format: <source_state_id> <instruction_id> <target_state_id>
0 0 1
10 37 20
10 35 21
10 21 22
20 1 10
20 0 86
21 1 10
21 0 73
22 37 23
22 35 24
22 112 25
22 47 10
23 1 22
23 0 72
24 1 22
24 0 59
25 37 26
25 35 27
25 112 28
25 47 10
26 1 25
26 0 58
27 1 25
27 0 45
28 37 29
28 35 30
28 112 22
28 47 10
29 1 28
29 0 44
30 1 28
30 0 31
31 1 28
31 67 32
32 1 28
32 113 33
32 74 34
32 96 31
33 1 28
33 113 37
33 74 38
33 96 31
34 1 28
34 114 35
34 90 32
35 1 28
35 114 36
35 90 32
36 1 28
36 114 34
36 90 32
37 1 28
37 74 41
37 113 32
37 96 31
38 1 28
38 114 39
38 90 33
39 1 28
39 114 40
39 90 33
40 1 28
40 114 38
40 90 33
41 1 28
41 114 42
41 90 37
42 1 28
42 114 43
42 90 37
43 1 28
43 114 41
43 90 37
44 1 28
45 1 25
45 67 46
46 1 25
46 113 47
46 74 48
46 96 45
47 1 25
47 113 51
47 74 52
47 96 45
48 1 25
48 114 49
48 90 46
49 1 25
49 114 50
49 90 46
50 1 25
50 114 48
50 90 46
51 1 25
51 74 55
51 113 46
51 96 45
52 1 25
52 114 53
52 90 47
53 1 25
53 114 54
53 90 47
54 1 25
54 114 52
54 90 47
55 1 25
55 114 56
55 90 51
56 1 25
56 114 57
56 90 51
57 1 25
57 114 55
57 90 51
58 1 25
59 1 22
59 67 60
60 1 22
60 113 61
60 74 62
60 96 59
61 1 22
61 113 65
61 74 66
61 96 59
62 1 22
62 114 63
62 90 60
63 1 22
63 114 64
63 90 60
64 1 22
64 114 62
64 90 60
65 1 22
65 74 69
65 113 60
65 96 59
66 1 22
66 114 67
66 90 61
67 1 22
67 114 68
67 90 61
68 1 22
68 114 66
68 90 61
69 1 22
69 114 70
69 90 65
70 1 22
70 114 71
70 90 65
71 1 22
71 114 69
71 90 65
72 1 22
73 1 10
73 67 74
74 1 10
74 113 75
74 74 76
74 96 73
75 1 10
75 113 79
75 74 80
75 96 73
76 1 10
76 114 77
76 90 74
77 1 10
77 114 78
77 90 74
78 1 10
78 114 76
78 90 74
79 1 10
79 74 83
79 113 74
79 96 73
80 1 10
80 114 81
80 90 75
81 1 10
81 114 82
81 90 75
82 1 10
82 114 80
82 90 75
83 1 10
83 114 84
83 90 79
84 1 10
84 114 85
84 90 79
85 1 10
85 114 83
85 90 79
86 1 10
