# Format: <source_state_id> <instruction_id> <target_state_id>
0 0 1
9 34 20
9 21 21
20 1 9
20 0 66
21 34 22
21 100 23
21 48 9
22 1 21
22 0 53
23 34 24
23 100 25
23 48 9
24 1 23
24 0 40
25 34 26
25 100 21
25 48 9
26 1 25
26 0 27
27 1 25
27 68 28
28 1 25
28 101 29
28 75 30
28 97 27
29 1 25
29 101 33
29 75 34
29 97 27
30 1 25
30 102 31
30 91 28
31 1 25
31 102 32
31 91 28
32 1 25
32 102 30
32 91 28
33 1 25
33 75 37
33 101 28
33 97 27
34 1 25
34 102 35
34 91 29
35 1 25
35 102 36
35 91 29
36 1 25
36 102 34
36 91 29
37 1 25
37 102 38
37 91 33
38 1 25
38 102 39
38 91 33
39 1 25
39 102 37
39 91 33
40 1 23
40 68 41
41 1 23
41 101 42
41 75 43
41 97 40
42 1 23
42 101 46
42 75 47
42 97 40
43 1 23
43 102 44
43 91 41
44 1 23
44 102 45
44 91 41
45 1 23
45 102 43
45 91 41
46 1 23
46 75 50
46 101 41
46 97 40
47 1 23
47 102 48
47 91 42
48 1 23
48 102 49
48 91 42
49 1 23
49 102 47
49 91 42
50 1 23
50 102 51
50 91 46
51 1 23
51 102 52
51 91 46
52 1 23
52 102 50
52 91 46
53 1 21
53 68 54
54 1 21
54 101 55
54 75 56
54 97 53
55 1 21
55 101 59
55 75 60
55 97 53
56 1 21
56 102 57
56 91 54
57 1 21
57 102 58
57 91 54
58 1 21
58 102 56
58 91 54
59 1 21
59 75 63
59 101 54
59 97 53
60 1 21
60 102 61
60 91 55
61 1 21
61 102 62
61 91 55
62 1 21
62 102 60
62 91 55
63 1 21
63 102 64
63 91 59
64 1 21
64 102 65
64 91 59
65 1 21
65 102 63
65 91 59
66 1 9
66 68 67
67 1 9
67 101 68
67 75 69
67 97 66
68 1 9
68 101 72
68 75 73
68 97 66
69 1 9
69 102 70
69 91 67
70 1 9
70 102 71
70 91 67
71 1 9
71 102 69
71 91 67
72 1 9
72 75 76
72 101 67
72 97 66
73 1 9
73 102 74
73 91 68
74 1 9
74 102 75
74 91 68
75 1 9
75 102 73
75 91 68
76 1 9
76 102 77
76 91 72
77 1 9
77 102 78
77 91 72
78 1 9
78 102 76
78 91 72
