# Format: <source_state_id> <instruction_id> <target_state_id>
0 0 1
14 54 20
14 42 21
14 40 22
14 50 23
14 37 24
14 25 25
20 1 14
20 0 110
21 1 14
21 0 97
22 1 14
22 0 96
23 1 14
23 0 95
24 1 14
24 0 94
25 54 26
25 42 27
25 40 28
25 50 29
25 37 30
25 151 31
25 65 14
26 1 25
26 0 93
27 1 25
27 0 80
28 1 25
28 0 79
29 1 25
29 0 78
30 1 25
30 0 77
31 54 32
31 42 33
31 40 34
31 50 35
31 37 36
31 151 37
31 65 14
32 1 31
32 0 76
33 1 31
33 0 63
34 1 31
34 0 62
35 1 31
35 0 61
36 1 31
36 0 60
37 54 38
37 42 39
37 40 40
37 50 41
37 37 42
37 151 25
37 65 14
38 1 37
38 0 59
39 1 37
39 0 46
40 1 37
40 0 45
41 1 37
41 0 44
42 1 37
42 0 43
43 1 37
44 1 37
45 1 37
46 1 37
46 101 47
47 1 37
47 152 48
47 108 49
47 130 46
48 1 37
48 152 52
48 108 53
48 130 46
49 1 37
49 153 50
49 124 47
50 1 37
50 153 51
50 124 47
51 1 37
51 153 49
51 124 47
52 1 37
52 108 56
52 152 47
52 130 46
53 1 37
53 153 54
53 124 48
54 1 37
54 153 55
54 124 48
55 1 37
55 153 53
55 124 48
56 1 37
56 153 57
56 124 52
57 1 37
57 153 58
57 124 52
58 1 37
58 153 56
58 124 52
59 1 37
60 1 31
61 1 31
62 1 31
63 1 31
63 101 64
64 1 31
64 152 65
64 108 66
64 130 63
65 1 31
65 152 69
65 108 70
65 130 63
66 1 31
66 153 67
66 124 64
67 1 31
67 153 68
67 124 64
68 1 31
68 153 66
68 124 64
69 1 31
69 108 73
69 152 64
69 130 63
70 1 31
70 153 71
70 124 65
71 1 31
71 153 72
71 124 65
72 1 31
72 153 70
72 124 65
73 1 31
73 153 74
73 124 69
74 1 31
74 153 75
74 124 69
75 1 31
75 153 73
75 124 69
76 1 31
77 1 25
78 1 25
79 1 25
80 1 25
80 101 81
81 1 25
81 152 82
81 108 83
81 130 80
82 1 25
82 152 86
82 108 87
82 130 80
83 1 25
83 153 84
83 124 81
84 1 25
84 153 85
84 124 81
85 1 25
85 153 83
85 124 81
86 1 25
86 108 90
86 152 81
86 130 80
87 1 25
87 153 88
87 124 82
88 1 25
88 153 89
88 124 82
89 1 25
89 153 87
89 124 82
90 1 25
90 153 91
90 124 86
91 1 25
91 153 92
91 124 86
92 1 25
92 153 90
92 124 86
93 1 25
94 1 14
95 1 14
96 1 14
97 1 14
97 101 98
98 1 14
98 152 99
98 108 100
98 130 97
99 1 14
99 152 103
99 108 104
99 130 97
100 1 14
100 153 101
100 124 98
101 1 14
101 153 102
101 124 98
102 1 14
102 153 100
102 124 98
103 1 14
103 108 107
103 152 98
103 130 97
104 1 14
104 153 105
104 124 99
105 1 14
105 153 106
105 124 99
106 1 14
106 153 104
106 124 99
107 1 14
107 153 108
107 124 103
108 1 14
108 153 109
108 124 103
109 1 14
109 153 107
109 124 103
110 1 14
