# Format: <source_state_id> <instruction_id> <target_state_id>
0 0 1
8 40 20
8 38 21
8 28 22
8 24 23
20 1 8
20 0 46
21 1 8
21 0 45
22 1 8
22 0 44
23 38 24
23 28 25
23 40 26
23 66 27
23 47 8
24 1 23
24 0 43
25 1 23
25 0 42
26 1 23
26 0 41
27 38 28
27 28 29
27 40 30
27 66 31
27 47 8
28 1 27
28 0 40
29 1 27
29 0 39
30 1 27
30 0 38
31 38 32
31 28 33
31 40 34
31 66 23
31 47 8
32 1 31
32 0 37
33 1 31
33 0 36
34 1 31
34 0 35
35 1 31
36 1 31
37 1 31
38 1 27
39 1 27
40 1 27
41 1 23
42 1 23
43 1 23
44 1 8
45 1 8
46 1 8
