# Format: <source_state_id> <instruction_id> <target_state_id>
0 0 1
6 38 20
6 27 21
20 1 6
20 0 69
21 38 22
21 130 23
21 46 24
21 92 6
22 1 21
22 0 67
23 38 36
23 130 37
23 46 38
23 92 6
24 38 25
24 131 26
24 63 21
25 1 24
25 0 34
26 38 27
26 131 28
26 63 21
27 1 26
27 0 32
28 38 29
28 131 24
28 63 21
29 1 28
29 0 30
30 1 28
30 127 31
31 1 30
31 0 30
32 1 26
32 127 33
33 1 32
33 0 32
34 1 24
34 127 35
35 1 34
35 0 34
36 1 23
36 0 65
37 38 50
37 46 51
37 130 21
37 92 6
38 38 39
38 131 40
38 63 23
39 1 38
39 0 48
40 38 41
40 131 42
40 63 23
41 1 40
41 0 46
42 38 43
42 131 38
42 63 23
43 1 42
43 0 44
44 1 42
44 127 45
45 1 44
45 0 44
46 1 40
46 127 47
47 1 46
47 0 46
48 1 38
48 127 49
49 1 48
49 0 48
50 1 37
50 0 63
51 38 52
51 131 53
51 63 37
52 1 51
52 0 61
53 38 54
53 131 55
53 63 37
54 1 53
54 0 59
55 38 56
55 131 51
55 63 37
56 1 55
56 0 57
57 1 55
57 127 58
58 1 57
58 0 57
59 1 53
59 127 60
60 1 59
60 0 59
61 1 51
61 127 62
62 1 61
62 0 61
63 1 37
63 127 64
64 1 63
64 0 63
65 1 23
65 127 66
66 1 65
66 0 65
67 1 21
67 127 68
68 1 67
68 0 67
69 1 6
69 127 70
70 1 69
70 0 69
