# Format: <source_state_id> <instruction_id> <target_state_id>
0 0 1
12 41 20
12 39 21
12 37 22
12 34 23
12 22 24
20 1 12
20 0 102
21 1 12
21 0 89
22 1 12
22 0 88
23 1 12
23 0 87
24 41 25
24 39 26
24 37 27
24 34 28
24 122 29
24 51 12
25 1 24
25 0 86
26 1 24
26 0 73
27 1 24
27 0 72
28 1 24
28 0 71
29 41 30
29 39 31
29 37 32
29 34 33
29 122 34
29 51 12
30 1 29
30 0 70
31 1 29
31 0 57
32 1 29
32 0 56
33 1 29
33 0 55
34 41 35
34 39 36
34 37 37
34 34 38
34 122 24
34 51 12
35 1 34
35 0 54
36 1 34
36 0 41
37 1 34
37 0 40
38 1 34
38 0 39
39 1 34
40 1 34
41 1 34
41 83 42
42 1 34
42 123 43
42 90 44
42 112 41
43 1 34
43 123 47
43 90 48
43 112 41
44 1 34
44 124 45
44 106 42
45 1 34
45 124 46
45 106 42
46 1 34
46 124 44
46 106 42
47 1 34
47 90 51
47 123 42
47 112 41
48 1 34
48 124 49
48 106 43
49 1 34
49 124 50
49 106 43
50 1 34
50 124 48
50 106 43
51 1 34
51 124 52
51 106 47
52 1 34
52 124 53
52 106 47
53 1 34
53 124 51
53 106 47
54 1 34
55 1 29
56 1 29
57 1 29
57 83 58
58 1 29
58 123 59
58 90 60
58 112 57
59 1 29
59 123 63
59 90 64
59 112 57
60 1 29
60 124 61
60 106 58
61 1 29
61 124 62
61 106 58
62 1 29
62 124 60
62 106 58
63 1 29
63 90 67
63 123 58
63 112 57
64 1 29
64 124 65
64 106 59
65 1 29
65 124 66
65 106 59
66 1 29
66 124 64
66 106 59
67 1 29
67 124 68
67 106 63
68 1 29
68 124 69
68 106 63
69 1 29
69 124 67
69 106 63
70 1 29
71 1 24
72 1 24
73 1 24
73 83 74
74 1 24
74 123 75
74 90 76
74 112 73
75 1 24
75 123 79
75 90 80
75 112 73
76 1 24
76 124 77
76 106 74
77 1 24
77 124 78
77 106 74
78 1 24
78 124 76
78 106 74
79 1 24
79 90 83
79 123 74
79 112 73
80 1 24
80 124 81
80 106 75
81 1 24
81 124 82
81 106 75
82 1 24
82 124 80
82 106 75
83 1 24
83 124 84
83 106 79
84 1 24
84 124 85
84 106 79
85 1 24
85 124 83
85 106 79
86 1 24
87 1 12
88 1 12
89 1 12
89 83 90
90 1 12
90 123 91
90 90 92
90 112 89
91 1 12
91 123 95
91 90 96
91 112 89
92 1 12
92 124 93
92 106 90
93 1 12
93 124 94
93 106 90
94 1 12
94 124 92
94 106 90
95 1 12
95 90 99
95 123 90
95 112 89
96 1 12
96 124 97
96 106 91
97 1 12
97 124 98
97 106 91
98 1 12
98 124 96
98 106 91
99 1 12
99 124 100
99 106 95
100 1 12
100 124 101
100 106 95
101 1 12
101 124 99
101 106 95
102 1 12
