# Format: <source_state_id> <instruction_id> <target_state_id>
0 0 1
13 33 20
13 31 21
13 29 22
13 21 23
20 1 13
20 0 82
21 1 13
21 0 81
22 1 13
22 0 80
23 33 24
23 31 25
23 29 26
23 113 27
23 45 13
24 1 23
24 0 67
25 1 23
25 0 66
26 1 23
26 0 65
27 33 28
27 31 29
27 29 30
27 113 31
27 45 13
28 1 27
28 0 52
29 1 27
29 0 51
30 1 27
30 0 50
31 33 32
31 31 33
31 29 34
31 113 23
31 45 13
32 1 31
32 0 37
33 1 31
33 0 36
34 1 31
34 0 35
35 1 31
36 1 31
37 1 31
37 81 38
38 1 31
38 114 39
38 88 40
38 110 37
39 1 31
39 114 43
39 88 44
39 110 37
40 1 31
40 115 41
40 104 38
41 1 31
41 115 42
41 104 38
42 1 31
42 115 40
42 104 38
43 1 31
43 88 47
43 114 38
43 110 37
44 1 31
44 115 45
44 104 39
45 1 31
45 115 46
45 104 39
46 1 31
46 115 44
46 104 39
47 1 31
47 115 48
47 104 43
48 1 31
48 115 49
48 104 43
49 1 31
49 115 47
49 104 43
50 1 27
51 1 27
52 1 27
52 81 53
53 1 27
53 114 54
53 88 55
53 110 52
54 1 27
54 114 58
54 88 59
54 110 52
55 1 27
55 115 56
55 104 53
56 1 27
56 115 57
56 104 53
57 1 27
57 115 55
57 104 53
58 1 27
58 88 62
58 114 53
58 110 52
59 1 27
59 115 60
59 104 54
60 1 27
60 115 61
60 104 54
61 1 27
61 115 59
61 104 54
62 1 27
62 115 63
62 104 58
63 1 27
63 115 64
63 104 58
64 1 27
64 115 62
64 104 58
65 1 23
66 1 23
67 1 23
67 81 68
68 1 23
68 114 69
68 88 70
68 110 67
69 1 23
69 114 73
69 88 74
69 110 67
70 1 23
70 115 71
70 104 68
71 1 23
71 115 72
71 104 68
72 1 23
72 115 70
72 104 68
73 1 23
73 88 77
73 114 68
73 110 67
74 1 23
74 115 75
74 104 69
75 1 23
75 115 76
75 104 69
76 1 23
76 115 74
76 104 69
77 1 23
77 115 78
77 104 73
78 1 23
78 115 79
78 104 73
79 1 23
79 115 77
79 104 73
80 1 13
81 1 13
82 1 13
82 81 83
83 1 13
83 114 84
83 88 85
83 110 82
84 1 13
84 114 88
84 88 89
84 110 82
85 1 13
85 115 86
85 104 83
86 1 13
86 115 87
86 104 83
87 1 13
87 115 85
87 104 83
88 1 13
88 88 92
88 114 83
88 110 82
89 1 13
89 115 90
89 104 84
90 1 13
90 115 91
90 104 84
91 1 13
91 115 89
91 104 84
92 1 13
92 115 93
92 104 88
93 1 13
93 115 94
93 104 88
94 1 13
94 115 92
94 104 88
