# Format: <source_state_id> <instruction_id> <target_state_id>
0 0 1
11 56 20
11 48 21
11 28 22
11 50 23
11 24 24
20 1 11
20 0 102
21 1 11
21 0 89
22 1 11
22 0 88
23 1 11
23 0 87
24 56 25
24 50 26
24 48 27
24 28 28
24 119 29
24 64 11
25 1 24
25 0 86
26 1 24
26 0 85
27 1 24
27 0 72
28 1 24
28 0 71
29 56 30
29 50 31
29 48 32
29 28 33
29 119 34
29 64 11
30 1 29
30 0 70
31 1 29
31 0 69
32 1 29
32 0 56
33 1 29
33 0 55
34 56 35
34 50 36
34 48 37
34 28 38
34 119 24
34 64 11
35 1 34
35 0 54
36 1 34
36 0 53
37 1 34
37 0 40
38 1 34
38 0 39
39 1 34
40 1 34
40 80 41
41 1 34
41 120 42
41 87 43
41 109 40
42 1 34
42 120 46
42 87 47
42 109 40
43 1 34
43 121 44
43 103 41
44 1 34
44 121 45
44 103 41
45 1 34
45 121 43
45 103 41
46 1 34
46 87 50
46 120 41
46 109 40
47 1 34
47 121 48
47 103 42
48 1 34
48 121 49
48 103 42
49 1 34
49 121 47
49 103 42
50 1 34
50 121 51
50 103 46
51 1 34
51 121 52
51 103 46
52 1 34
52 121 50
52 103 46
53 1 34
54 1 34
55 1 29
56 1 29
56 80 57
57 1 29
57 120 58
57 87 59
57 109 56
58 1 29
58 120 62
58 87 63
58 109 56
59 1 29
59 121 60
59 103 57
60 1 29
60 121 61
60 103 57
61 1 29
61 121 59
61 103 57
62 1 29
62 87 66
62 120 57
62 109 56
63 1 29
63 121 64
63 103 58
64 1 29
64 121 65
64 103 58
65 1 29
65 121 63
65 103 58
66 1 29
66 121 67
66 103 62
67 1 29
67 121 68
67 103 62
68 1 29
68 121 66
68 103 62
69 1 29
70 1 29
71 1 24
72 1 24
72 80 73
73 1 24
73 120 74
73 87 75
73 109 72
74 1 24
74 120 78
74 87 79
74 109 72
75 1 24
75 121 76
75 103 73
76 1 24
76 121 77
76 103 73
77 1 24
77 121 75
77 103 73
78 1 24
78 87 82
78 120 73
78 109 72
79 1 24
79 121 80
79 103 74
80 1 24
80 121 81
80 103 74
81 1 24
81 121 79
81 103 74
82 1 24
82 121 83
82 103 78
83 1 24
83 121 84
83 103 78
84 1 24
84 121 82
84 103 78
85 1 24
86 1 24
87 1 11
88 1 11
89 1 11
89 80 90
90 1 11
90 120 91
90 87 92
90 109 89
91 1 11
91 120 95
91 87 96
91 109 89
92 1 11
92 121 93
92 103 90
93 1 11
93 121 94
93 103 90
94 1 11
94 121 92
94 103 90
95 1 11
95 87 99
95 120 90
95 109 89
96 1 11
96 121 97
96 103 91
97 1 11
97 121 98
97 103 91
98 1 11
98 121 96
98 103 91
99 1 11
99 121 100
99 103 95
100 1 11
100 121 101
100 103 95
101 1 11
101 121 99
101 103 95
102 1 11
