# Format: <source_state_id> <instruction_id> <target_state_id>
0 0 1
11 45 20
11 29 21
11 25 22
20 1 11
20 0 74
21 1 11
21 0 73
22 45 23
22 29 24
22 138 25
22 86 11
23 1 22
23 0 60
24 1 22
24 0 59
25 45 26
25 29 27
25 138 28
25 86 11
26 1 25
26 0 46
27 1 25
27 0 45
28 45 29
28 29 30
28 138 22
28 86 11
29 1 28
29 0 32
30 1 28
30 0 31
31 1 28
32 1 28
32 106 33
33 1 28
33 139 34
33 113 35
33 135 32
34 1 28
34 139 38
34 113 39
34 135 32
35 1 28
35 140 36
35 129 33
36 1 28
36 140 37
36 129 33
37 1 28
37 140 35
37 129 33
38 1 28
38 113 42
38 139 33
38 135 32
39 1 28
39 140 40
39 129 34
40 1 28
40 140 41
40 129 34
41 1 28
41 140 39
41 129 34
42 1 28
42 140 43
42 129 38
43 1 28
43 140 44
43 129 38
44 1 28
44 140 42
44 129 38
45 1 25
46 1 25
46 106 47
47 1 25
47 139 48
47 113 49
47 135 46
48 1 25
48 139 52
48 113 53
48 135 46
49 1 25
49 140 50
49 129 47
50 1 25
50 140 51
50 129 47
51 1 25
51 140 49
51 129 47
52 1 25
52 113 56
52 139 47
52 135 46
53 1 25
53 140 54
53 129 48
54 1 25
54 140 55
54 129 48
55 1 25
55 140 53
55 129 48
56 1 25
56 140 57
56 129 52
57 1 25
57 140 58
57 129 52
58 1 25
58 140 56
58 129 52
59 1 22
60 1 22
60 106 61
61 1 22
61 139 62
61 113 63
61 135 60
62 1 22
62 139 66
62 113 67
62 135 60
63 1 22
63 140 64
63 129 61
64 1 22
64 140 65
64 129 61
65 1 22
65 140 63
65 129 61
66 1 22
66 113 70
66 139 61
66 135 60
67 1 22
67 140 68
67 129 62
68 1 22
68 140 69
68 129 62
69 1 22
69 140 67
69 129 62
70 1 22
70 140 71
70 129 66
71 1 22
71 140 72
71 129 66
72 1 22
72 140 70
72 129 66
73 1 11
74 1 11
74 106 75
75 1 11
75 139 76
75 113 77
75 135 74
76 1 11
76 139 80
76 113 81
76 135 74
77 1 11
77 140 78
77 129 75
78 1 11
78 140 79
78 129 75
79 1 11
79 140 77
79 129 75
80 1 11
80 113 84
80 139 75
80 135 74
81 1 11
81 140 82
81 129 76
82 1 11
82 140 83
82 129 76
83 1 11
83 140 81
83 129 76
84 1 11
84 140 85
84 129 80
85 1 11
85 140 86
85 129 80
86 1 11
86 140 84
86 129 80
