# Format: <source_state_id> <instruction_id> <target_state_id>
0 0 1
10 40 20
10 38 21
10 24 22
20 1 10
20 0 86
21 1 10
21 0 73
22 40 23
22 38 24
22 115 25
22 50 10
23 1 22
23 0 72
24 1 22
24 0 59
25 40 26
25 38 27
25 115 28
25 50 10
26 1 25
26 0 58
27 1 25
27 0 45
28 40 29
28 38 30
28 115 22
28 50 10
29 1 28
29 0 44
30 1 28
30 0 31
31 1 28
31 70 32
32 1 28
32 116 33
32 77 34
32 99 31
33 1 28
33 116 37
33 77 38
33 99 31
34 1 28
34 117 35
34 93 32
35 1 28
35 117 36
35 93 32
36 1 28
36 117 34
36 93 32
37 1 28
37 77 41
37 116 32
37 99 31
38 1 28
38 117 39
38 93 33
39 1 28
39 117 40
39 93 33
40 1 28
40 117 38
40 93 33
41 1 28
41 117 42
41 93 37
42 1 28
42 117 43
42 93 37
43 1 28
43 117 41
43 93 37
44 1 28
45 1 25
45 70 46
46 1 25
46 116 47
46 77 48
46 99 45
47 1 25
47 116 51
47 77 52
47 99 45
48 1 25
48 117 49
48 93 46
49 1 25
49 117 50
49 93 46
50 1 25
50 117 48
50 93 46
51 1 25
51 77 55
51 116 46
51 99 45
52 1 25
52 117 53
52 93 47
53 1 25
53 117 54
53 93 47
54 1 25
54 117 52
54 93 47
55 1 25
55 117 56
55 93 51
56 1 25
56 117 57
56 93 51
57 1 25
57 117 55
57 93 51
58 1 25
59 1 22
59 70 60
60 1 22
60 116 61
60 77 62
60 99 59
61 1 22
61 116 65
61 77 66
61 99 59
62 1 22
62 117 63
62 93 60
63 1 22
63 117 64
63 93 60
64 1 22
64 117 62
64 93 60
65 1 22
65 77 69
65 116 60
65 99 59
66 1 22
66 117 67
66 93 61
67 1 22
67 117 68
67 93 61
68 1 22
68 117 66
68 93 61
69 1 22
69 117 70
69 93 65
70 1 22
70 117 71
70 93 65
71 1 22
71 117 69
71 93 65
72 1 22
73 1 10
73 70 74
74 1 10
74 116 75
74 77 76
74 99 73
75 1 10
75 116 79
75 77 80
75 99 73
76 1 10
76 117 77
76 93 74
77 1 10
77 117 78
77 93 74
78 1 10
78 117 76
78 93 74
79 1 10
79 77 83
79 116 74
79 99 73
80 1 10
80 117 81
80 93 75
81 1 10
81 117 82
81 93 75
82 1 10
82 117 80
82 93 75
83 1 10
83 117 84
83 93 79
84 1 10
84 117 85
84 93 79
85 1 10
85 117 83
85 93 79
86 1 10
