# Format: <source_state_id> <instruction_id> <target_state_id>
0 0 1
10 46 20
10 49 21
10 36 22
10 28 23
10 24 24
20 1 10
20 0 54
21 1 10
21 0 53
22 1 10
22 0 52
23 1 10
23 0 51
24 46 25
24 49 26
24 36 27
24 28 28
24 80 29
24 56 10
25 1 24
25 0 50
26 1 24
26 0 49
27 1 24
27 0 48
28 1 24
28 0 47
29 46 30
29 49 31
29 36 32
29 28 33
29 80 34
29 56 10
30 1 29
30 0 46
31 1 29
31 0 45
32 1 29
32 0 44
33 1 29
33 0 43
34 46 35
34 49 36
34 36 37
34 28 38
34 80 24
34 56 10
35 1 34
35 0 42
36 1 34
36 0 41
37 1 34
37 0 40
38 1 34
38 0 39
39 1 34
40 1 34
41 1 34
42 1 34
43 1 29
44 1 29
45 1 29
46 1 29
47 1 24
48 1 24
49 1 24
50 1 24
51 1 10
52 1 10
53 1 10
54 1 10
