# Format: <source_state_id> <instruction_id> <target_state_id>
0 0 1
13 42 22
13 40 23
13 41 24
13 28 25
22 1 13
22 0 100
23 1 13
23 0 98
24 1 13
24 0 85
25 42 26
25 41 27
25 40 28
25 163 29
25 63 13
26 1 25
26 0 84
27 1 25
27 0 71
28 1 25
28 0 69
29 42 30
29 41 31
29 40 32
29 163 33
29 63 13
30 1 29
30 0 68
31 1 29
31 0 55
32 1 29
32 0 53
33 42 34
33 41 35
33 40 36
33 163 25
33 63 13
34 1 33
34 0 52
35 1 33
35 0 39
36 1 33
36 0 37
37 1 33
37 98 38
38 1 37
38 0 37
39 1 33
39 114 40
40 1 33
40 164 41
40 121 42
40 143 39
41 1 33
41 164 45
41 121 46
41 143 39
42 1 33
42 165 43
42 137 40
43 1 33
43 165 44
43 137 40
44 1 33
44 165 42
44 137 40
45 1 33
45 121 49
45 164 40
45 143 39
46 1 33
46 165 47
46 137 41
47 1 33
47 165 48
47 137 41
48 1 33
48 165 46
48 137 41
49 1 33
49 165 50
49 137 45
50 1 33
50 165 51
50 137 45
51 1 33
51 165 49
51 137 45
52 1 33
53 1 29
53 98 54
54 1 53
54 0 53
55 1 29
55 114 56
56 1 29
56 164 57
56 121 58
56 143 55
57 1 29
57 164 61
57 121 62
57 143 55
58 1 29
58 165 59
58 137 56
59 1 29
59 165 60
59 137 56
60 1 29
60 165 58
60 137 56
61 1 29
61 121 65
61 164 56
61 143 55
62 1 29
62 165 63
62 137 57
63 1 29
63 165 64
63 137 57
64 1 29
64 165 62
64 137 57
65 1 29
65 165 66
65 137 61
66 1 29
66 165 67
66 137 61
67 1 29
67 165 65
67 137 61
68 1 29
69 1 25
69 98 70
70 1 69
70 0 69
71 1 25
71 114 72
72 1 25
72 164 73
72 121 74
72 143 71
73 1 25
73 164 77
73 121 78
73 143 71
74 1 25
74 165 75
74 137 72
75 1 25
75 165 76
75 137 72
76 1 25
76 165 74
76 137 72
77 1 25
77 121 81
77 164 72
77 143 71
78 1 25
78 165 79
78 137 73
79 1 25
79 165 80
79 137 73
80 1 25
80 165 78
80 137 73
81 1 25
81 165 82
81 137 77
82 1 25
82 165 83
82 137 77
83 1 25
83 165 81
83 137 77
84 1 25
85 1 13
85 114 86
86 1 13
86 164 87
86 121 88
86 143 85
87 1 13
87 164 91
87 121 92
87 143 85
88 1 13
88 165 89
88 137 86
89 1 13
89 165 90
89 137 86
90 1 13
90 165 88
90 137 86
91 1 13
91 121 95
91 164 86
91 143 85
92 1 13
92 165 93
92 137 87
93 1 13
93 165 94
93 137 87
94 1 13
94 165 92
94 137 87
95 1 13
95 165 96
95 137 91
96 1 13
96 165 97
96 137 91
97 1 13
97 165 95
97 137 91
98 1 13
98 98 99
99 1 98
99 0 98
100 1 13
