# Format: <source_state_id> <instruction_id> <target_state_id>
0 0 1
11 49 20
11 47 21
11 28 22
11 24 23
20 1 11
20 0 100
21 1 11
21 0 87
22 1 11
22 0 86
23 49 24
23 47 25
23 28 26
23 122 27
23 59 11
24 1 23
24 0 83
25 1 23
25 0 70
26 1 23
26 0 69
27 49 28
27 47 29
27 28 30
27 122 31
27 59 11
28 1 27
28 0 66
29 1 27
29 0 53
30 1 27
30 0 52
31 49 32
31 47 33
31 28 34
31 122 23
31 59 11
32 1 31
32 0 49
33 1 31
33 0 36
34 1 31
34 0 35
35 1 31
36 1 31
36 75 37
37 1 31
37 123 38
37 82 39
37 104 36
38 1 31
38 123 42
38 82 43
38 104 36
39 1 31
39 124 40
39 98 37
40 1 31
40 124 41
40 98 37
41 1 31
41 124 39
41 98 37
42 1 31
42 82 46
42 123 37
42 104 36
43 1 31
43 124 44
43 98 38
44 1 31
44 124 45
44 98 38
45 1 31
45 124 43
45 98 38
46 1 31
46 124 47
46 98 42
47 1 31
47 124 48
47 98 42
48 1 31
48 124 46
48 98 42
49 1 31
49 112 50
50 1 49
50 0 51
51 1 49
52 1 27
53 1 27
53 75 54
54 1 27
54 123 55
54 82 56
54 104 53
55 1 27
55 123 59
55 82 60
55 104 53
56 1 27
56 124 57
56 98 54
57 1 27
57 124 58
57 98 54
58 1 27
58 124 56
58 98 54
59 1 27
59 82 63
59 123 54
59 104 53
60 1 27
60 124 61
60 98 55
61 1 27
61 124 62
61 98 55
62 1 27
62 124 60
62 98 55
63 1 27
63 124 64
63 98 59
64 1 27
64 124 65
64 98 59
65 1 27
65 124 63
65 98 59
66 1 27
66 112 67
67 1 66
67 0 68
68 1 66
69 1 23
70 1 23
70 75 71
71 1 23
71 123 72
71 82 73
71 104 70
72 1 23
72 123 76
72 82 77
72 104 70
73 1 23
73 124 74
73 98 71
74 1 23
74 124 75
74 98 71
75 1 23
75 124 73
75 98 71
76 1 23
76 82 80
76 123 71
76 104 70
77 1 23
77 124 78
77 98 72
78 1 23
78 124 79
78 98 72
79 1 23
79 124 77
79 98 72
80 1 23
80 124 81
80 98 76
81 1 23
81 124 82
81 98 76
82 1 23
82 124 80
82 98 76
83 1 23
83 112 84
84 1 83
84 0 85
85 1 83
86 1 11
87 1 11
87 75 88
88 1 11
88 123 89
88 82 90
88 104 87
89 1 11
89 123 93
89 82 94
89 104 87
90 1 11
90 124 91
90 98 88
91 1 11
91 124 92
91 98 88
92 1 11
92 124 90
92 98 88
93 1 11
93 82 97
93 123 88
93 104 87
94 1 11
94 124 95
94 98 89
95 1 11
95 124 96
95 98 89
96 1 11
96 124 94
96 98 89
97 1 11
97 124 98
97 98 93
98 1 11
98 124 99
98 98 93
99 1 11
99 124 97
99 98 93
100 1 11
100 112 101
101 1 100
101 0 102
102 1 100
