# Format: <source_state_id> <instruction_id> <target_state_id>
0 0 1
13 28 20
13 24 21
20 1 13
20 0 84
21 28 22
21 95 23
21 34 24
21 70 25
21 92 13
22 1 21
22 0 83
23 28 42
23 95 43
23 34 44
23 70 45
23 92 13
24 28 34
24 96 35
24 48 21
25 28 26
25 98 27
25 86 21
26 1 25
26 0 33
27 28 28
27 98 29
27 86 21
28 1 27
28 0 32
29 28 30
29 98 25
29 86 21
30 1 29
30 0 31
31 1 29
32 1 27
33 1 25
34 1 24
34 0 41
35 28 36
35 96 37
35 48 21
36 1 35
36 0 40
37 28 38
37 96 24
37 48 21
38 1 37
38 0 39
39 1 37
40 1 35
41 1 24
42 1 23
42 0 82
43 28 62
43 34 63
43 70 64
43 95 21
43 92 13
44 28 54
44 96 55
44 48 23
45 28 46
45 98 47
45 86 23
46 1 45
46 0 53
47 28 48
47 98 49
47 86 23
48 1 47
48 0 52
49 28 50
49 98 45
49 86 23
50 1 49
50 0 51
51 1 49
52 1 47
53 1 45
54 1 44
54 0 61
55 28 56
55 96 57
55 48 23
56 1 55
56 0 60
57 28 58
57 96 44
57 48 23
58 1 57
58 0 59
59 1 57
60 1 55
61 1 44
62 1 43
62 0 81
63 28 73
63 96 74
63 48 43
64 28 65
64 98 66
64 86 43
65 1 64
65 0 72
66 28 67
66 98 68
66 86 43
67 1 66
67 0 71
68 28 69
68 98 64
68 86 43
69 1 68
69 0 70
70 1 68
71 1 66
72 1 64
73 1 63
73 0 80
74 28 75
74 96 76
74 48 43
75 1 74
75 0 79
76 28 77
76 96 63
76 48 43
77 1 76
77 0 78
78 1 76
79 1 74
80 1 63
81 1 43
82 1 23
83 1 21
84 1 13
