# Format: <source_state_id> <instruction_id> <target_state_id>
0 0 1
13 52 20
13 45 21
13 41 22
13 31 23
13 25 24
13 34 25
13 21 26
20 1 13
20 0 118
21 1 13
21 0 117
22 1 13
22 0 116
23 1 13
23 0 103
24 1 13
24 0 102
25 1 13
25 0 101
26 52 27
26 45 28
26 41 29
26 31 30
26 25 31
26 34 32
26 138 33
26 60 13
27 1 26
27 0 100
28 1 26
28 0 99
29 1 26
29 0 98
30 1 26
30 0 85
31 1 26
31 0 84
32 1 26
32 0 83
33 52 34
33 45 35
33 41 36
33 31 37
33 25 38
33 34 39
33 138 40
33 60 13
34 1 33
34 0 82
35 1 33
35 0 81
36 1 33
36 0 80
37 1 33
37 0 67
38 1 33
38 0 66
39 1 33
39 0 65
40 52 41
40 45 42
40 41 43
40 31 44
40 25 45
40 34 46
40 138 26
40 60 13
41 1 40
41 0 64
42 1 40
42 0 63
43 1 40
43 0 62
44 1 40
44 0 49
45 1 40
45 0 48
46 1 40
46 0 47
47 1 40
48 1 40
49 1 40
49 80 50
50 1 40
50 139 51
50 87 52
50 109 49
51 1 40
51 139 55
51 87 56
51 109 49
52 1 40
52 140 53
52 103 50
53 1 40
53 140 54
53 103 50
54 1 40
54 140 52
54 103 50
55 1 40
55 87 59
55 139 50
55 109 49
56 1 40
56 140 57
56 103 51
57 1 40
57 140 58
57 103 51
58 1 40
58 140 56
58 103 51
59 1 40
59 140 60
59 103 55
60 1 40
60 140 61
60 103 55
61 1 40
61 140 59
61 103 55
62 1 40
63 1 40
64 1 40
65 1 33
66 1 33
67 1 33
67 80 68
68 1 33
68 139 69
68 87 70
68 109 67
69 1 33
69 139 73
69 87 74
69 109 67
70 1 33
70 140 71
70 103 68
71 1 33
71 140 72
71 103 68
72 1 33
72 140 70
72 103 68
73 1 33
73 87 77
73 139 68
73 109 67
74 1 33
74 140 75
74 103 69
75 1 33
75 140 76
75 103 69
76 1 33
76 140 74
76 103 69
77 1 33
77 140 78
77 103 73
78 1 33
78 140 79
78 103 73
79 1 33
79 140 77
79 103 73
80 1 33
81 1 33
82 1 33
83 1 26
84 1 26
85 1 26
85 80 86
86 1 26
86 139 87
86 87 88
86 109 85
87 1 26
87 139 91
87 87 92
87 109 85
88 1 26
88 140 89
88 103 86
89 1 26
89 140 90
89 103 86
90 1 26
90 140 88
90 103 86
91 1 26
91 87 95
91 139 86
91 109 85
92 1 26
92 140 93
92 103 87
93 1 26
93 140 94
93 103 87
94 1 26
94 140 92
94 103 87
95 1 26
95 140 96
95 103 91
96 1 26
96 140 97
96 103 91
97 1 26
97 140 95
97 103 91
98 1 26
99 1 26
100 1 26
101 1 13
102 1 13
103 1 13
103 80 104
104 1 13
104 139 105
104 87 106
104 109 103
105 1 13
105 139 109
105 87 110
105 109 103
106 1 13
106 140 107
106 103 104
107 1 13
107 140 108
107 103 104
108 1 13
108 140 106
108 103 104
109 1 13
109 87 113
109 139 104
109 109 103
110 1 13
110 140 111
110 103 105
111 1 13
111 140 112
111 103 105
112 1 13
112 140 110
112 103 105
113 1 13
113 140 114
113 103 109
114 1 13
114 140 115
114 103 109
115 1 13
115 140 113
115 103 109
116 1 13
117 1 13
118 1 13
