# Format: <source_state_id> <instruction_id> <target_state_id>
0 0 1
12 41 20
12 39 21
12 37 22
12 35 23
12 27 24
20 1 12
20 0 102
21 1 12
21 0 89
22 1 12
22 0 88
23 1 12
23 0 87
24 41 25
24 39 26
24 37 27
24 35 28
24 137 29
24 51 12
25 1 24
25 0 86
26 1 24
26 0 73
27 1 24
27 0 72
28 1 24
28 0 71
29 41 30
29 39 31
29 37 32
29 35 33
29 137 34
29 51 12
30 1 29
30 0 70
31 1 29
31 0 57
32 1 29
32 0 56
33 1 29
33 0 55
34 41 35
34 39 36
34 37 37
34 35 38
34 137 24
34 51 12
35 1 34
35 0 54
36 1 34
36 0 41
37 1 34
37 0 40
38 1 34
38 0 39
39 1 34
40 1 34
41 1 34
41 97 42
42 1 34
42 138 43
42 104 44
42 126 41
43 1 34
43 138 47
43 104 48
43 126 41
44 1 34
44 139 45
44 120 42
45 1 34
45 139 46
45 120 42
46 1 34
46 139 44
46 120 42
47 1 34
47 104 51
47 138 42
47 126 41
48 1 34
48 139 49
48 120 43
49 1 34
49 139 50
49 120 43
50 1 34
50 139 48
50 120 43
51 1 34
51 139 52
51 120 47
52 1 34
52 139 53
52 120 47
53 1 34
53 139 51
53 120 47
54 1 34
55 1 29
56 1 29
57 1 29
57 97 58
58 1 29
58 138 59
58 104 60
58 126 57
59 1 29
59 138 63
59 104 64
59 126 57
60 1 29
60 139 61
60 120 58
61 1 29
61 139 62
61 120 58
62 1 29
62 139 60
62 120 58
63 1 29
63 104 67
63 138 58
63 126 57
64 1 29
64 139 65
64 120 59
65 1 29
65 139 66
65 120 59
66 1 29
66 139 64
66 120 59
67 1 29
67 139 68
67 120 63
68 1 29
68 139 69
68 120 63
69 1 29
69 139 67
69 120 63
70 1 29
71 1 24
72 1 24
73 1 24
73 97 74
74 1 24
74 138 75
74 104 76
74 126 73
75 1 24
75 138 79
75 104 80
75 126 73
76 1 24
76 139 77
76 120 74
77 1 24
77 139 78
77 120 74
78 1 24
78 139 76
78 120 74
79 1 24
79 104 83
79 138 74
79 126 73
80 1 24
80 139 81
80 120 75
81 1 24
81 139 82
81 120 75
82 1 24
82 139 80
82 120 75
83 1 24
83 139 84
83 120 79
84 1 24
84 139 85
84 120 79
85 1 24
85 139 83
85 120 79
86 1 24
87 1 12
88 1 12
89 1 12
89 97 90
90 1 12
90 138 91
90 104 92
90 126 89
91 1 12
91 138 95
91 104 96
91 126 89
92 1 12
92 139 93
92 120 90
93 1 12
93 139 94
93 120 90
94 1 12
94 139 92
94 120 90
95 1 12
95 104 99
95 138 90
95 126 89
96 1 12
96 139 97
96 120 91
97 1 12
97 139 98
97 120 91
98 1 12
98 139 96
98 120 91
99 1 12
99 139 100
99 120 95
100 1 12
100 139 101
100 120 95
101 1 12
101 139 99
101 120 95
102 1 12
