# Format: <source_state_id> <instruction_id> <target_state_id>
0 0 1
13 47 20
13 43 21
13 36 22
13 33 23
13 28 24
13 24 25
20 1 13
20 0 110
21 1 13
21 0 109
22 1 13
22 0 108
23 1 13
23 0 95
24 1 13
24 0 94
25 47 26
25 43 27
25 36 28
25 33 29
25 28 30
25 141 31
25 58 13
26 1 25
26 0 93
27 1 25
27 0 92
28 1 25
28 0 91
29 1 25
29 0 78
30 1 25
30 0 77
31 47 32
31 43 33
31 36 34
31 33 35
31 28 36
31 141 37
31 58 13
32 1 31
32 0 76
33 1 31
33 0 75
34 1 31
34 0 74
35 1 31
35 0 61
36 1 31
36 0 60
37 47 38
37 43 39
37 36 40
37 33 41
37 28 42
37 141 25
37 58 13
38 1 37
38 0 59
39 1 37
39 0 58
40 1 37
40 0 57
41 1 37
41 0 44
42 1 37
42 0 43
43 1 37
44 1 37
44 78 45
45 1 37
45 142 46
45 85 47
45 107 44
46 1 37
46 142 50
46 85 51
46 107 44
47 1 37
47 143 48
47 101 45
48 1 37
48 143 49
48 101 45
49 1 37
49 143 47
49 101 45
50 1 37
50 85 54
50 142 45
50 107 44
51 1 37
51 143 52
51 101 46
52 1 37
52 143 53
52 101 46
53 1 37
53 143 51
53 101 46
54 1 37
54 143 55
54 101 50
55 1 37
55 143 56
55 101 50
56 1 37
56 143 54
56 101 50
57 1 37
58 1 37
59 1 37
60 1 31
61 1 31
61 78 62
62 1 31
62 142 63
62 85 64
62 107 61
63 1 31
63 142 67
63 85 68
63 107 61
64 1 31
64 143 65
64 101 62
65 1 31
65 143 66
65 101 62
66 1 31
66 143 64
66 101 62
67 1 31
67 85 71
67 142 62
67 107 61
68 1 31
68 143 69
68 101 63
69 1 31
69 143 70
69 101 63
70 1 31
70 143 68
70 101 63
71 1 31
71 143 72
71 101 67
72 1 31
72 143 73
72 101 67
73 1 31
73 143 71
73 101 67
74 1 31
75 1 31
76 1 31
77 1 25
78 1 25
78 78 79
79 1 25
79 142 80
79 85 81
79 107 78
80 1 25
80 142 84
80 85 85
80 107 78
81 1 25
81 143 82
81 101 79
82 1 25
82 143 83
82 101 79
83 1 25
83 143 81
83 101 79
84 1 25
84 85 88
84 142 79
84 107 78
85 1 25
85 143 86
85 101 80
86 1 25
86 143 87
86 101 80
87 1 25
87 143 85
87 101 80
88 1 25
88 143 89
88 101 84
89 1 25
89 143 90
89 101 84
90 1 25
90 143 88
90 101 84
91 1 25
92 1 25
93 1 25
94 1 13
95 1 13
95 78 96
96 1 13
96 142 97
96 85 98
96 107 95
97 1 13
97 142 101
97 85 102
97 107 95
98 1 13
98 143 99
98 101 96
99 1 13
99 143 100
99 101 96
100 1 13
100 143 98
100 101 96
101 1 13
101 85 105
101 142 96
101 107 95
102 1 13
102 143 103
102 101 97
103 1 13
103 143 104
103 101 97
104 1 13
104 143 102
104 101 97
105 1 13
105 143 106
105 101 101
106 1 13
106 143 107
106 101 101
107 1 13
107 143 105
107 101 101
108 1 13
109 1 13
110 1 13
