# Format: <source_state_id> <instruction_id> <target_state_id>
0 0 1
15 63 20
15 28 21
20 1 15
20 0 138
21 63 22
21 111 23
21 34 24
21 108 15
22 1 21
22 0 137
23 63 60
23 111 61
23 34 62
23 108 15
24 63 25
24 112 26
24 40 27
24 62 21
25 1 24
25 0 59
26 63 36
26 112 37
26 40 38
26 62 21
27 63 28
27 113 29
27 56 24
28 1 27
28 0 35
29 63 30
29 113 31
29 56 24
30 1 29
30 0 34
31 63 32
31 113 27
31 56 24
32 1 31
32 0 33
33 1 31
34 1 29
35 1 27
36 1 26
36 0 58
37 63 47
37 40 48
37 112 24
37 62 21
38 63 39
38 113 40
38 56 26
39 1 38
39 0 46
40 63 41
40 113 42
40 56 26
41 1 40
41 0 45
42 63 43
42 113 38
42 56 26
43 1 42
43 0 44
44 1 42
45 1 40
46 1 38
47 1 37
47 0 57
48 63 49
48 113 50
48 56 37
49 1 48
49 0 56
50 63 51
50 113 52
50 56 37
51 1 50
51 0 55
52 63 53
52 113 48
52 56 37
53 1 52
53 0 54
54 1 52
55 1 50
56 1 48
57 1 37
58 1 26
59 1 24
60 1 23
60 0 136
61 63 98
61 34 99
61 111 21
61 108 15
62 63 63
62 112 64
62 40 65
62 62 23
63 1 62
63 0 97
64 63 74
64 112 75
64 40 76
64 62 23
65 63 66
65 113 67
65 56 62
66 1 65
66 0 73
67 63 68
67 113 69
67 56 62
68 1 67
68 0 72
69 63 70
69 113 65
69 56 62
70 1 69
70 0 71
71 1 69
72 1 67
73 1 65
74 1 64
74 0 96
75 63 85
75 40 86
75 112 62
75 62 23
76 63 77
76 113 78
76 56 64
77 1 76
77 0 84
78 63 79
78 113 80
78 56 64
79 1 78
79 0 83
80 63 81
80 113 76
80 56 64
81 1 80
81 0 82
82 1 80
83 1 78
84 1 76
85 1 75
85 0 95
86 63 87
86 113 88
86 56 75
87 1 86
87 0 94
88 63 89
88 113 90
88 56 75
89 1 88
89 0 93
90 63 91
90 113 86
90 56 75
91 1 90
91 0 92
92 1 90
93 1 88
94 1 86
95 1 75
96 1 64
97 1 62
98 1 61
98 0 135
99 63 100
99 112 101
99 40 102
99 62 61
100 1 99
100 0 134
101 63 111
101 112 112
101 40 113
101 62 61
102 63 103
102 113 104
102 56 99
103 1 102
103 0 110
104 63 105
104 113 106
104 56 99
105 1 104
105 0 109
106 63 107
106 113 102
106 56 99
107 1 106
107 0 108
108 1 106
109 1 104
110 1 102
111 1 101
111 0 133
112 63 122
112 40 123
112 112 99
112 62 61
113 63 114
113 113 115
113 56 101
114 1 113
114 0 121
115 63 116
115 113 117
115 56 101
116 1 115
116 0 120
117 63 118
117 113 113
117 56 101
118 1 117
118 0 119
119 1 117
120 1 115
121 1 113
122 1 112
122 0 132
123 63 124
123 113 125
123 56 112
124 1 123
124 0 131
125 63 126
125 113 127
125 56 112
126 1 125
126 0 130
127 63 128
127 113 123
127 56 112
128 1 127
128 0 129
129 1 127
130 1 125
131 1 123
132 1 112
133 1 101
134 1 99
135 1 61
136 1 23
137 1 21
138 1 15
