# Format: <source_state_id> <instruction_id> <target_state_id>
0 0 1
15 46 22
15 44 23
15 32 24
15 28 25
22 1 15
22 0 96
23 1 15
23 0 83
24 1 15
24 0 82
25 46 26
25 44 27
25 32 28
25 132 29
25 56 15
26 1 25
26 0 81
27 1 25
27 0 68
28 1 25
28 0 67
29 46 30
29 44 31
29 32 32
29 132 33
29 56 15
30 1 29
30 0 66
31 1 29
31 0 53
32 1 29
32 0 52
33 46 34
33 44 35
33 32 36
33 132 25
33 56 15
34 1 33
34 0 51
35 1 33
35 0 38
36 1 33
36 0 37
37 1 33
38 1 33
38 92 39
39 1 33
39 133 40
39 99 41
39 121 38
40 1 33
40 133 44
40 99 45
40 121 38
41 1 33
41 134 42
41 115 39
42 1 33
42 134 43
42 115 39
43 1 33
43 134 41
43 115 39
44 1 33
44 99 48
44 133 39
44 121 38
45 1 33
45 134 46
45 115 40
46 1 33
46 134 47
46 115 40
47 1 33
47 134 45
47 115 40
48 1 33
48 134 49
48 115 44
49 1 33
49 134 50
49 115 44
50 1 33
50 134 48
50 115 44
51 1 33
52 1 29
53 1 29
53 92 54
54 1 29
54 133 55
54 99 56
54 121 53
55 1 29
55 133 59
55 99 60
55 121 53
56 1 29
56 134 57
56 115 54
57 1 29
57 134 58
57 115 54
58 1 29
58 134 56
58 115 54
59 1 29
59 99 63
59 133 54
59 121 53
60 1 29
60 134 61
60 115 55
61 1 29
61 134 62
61 115 55
62 1 29
62 134 60
62 115 55
63 1 29
63 134 64
63 115 59
64 1 29
64 134 65
64 115 59
65 1 29
65 134 63
65 115 59
66 1 29
67 1 25
68 1 25
68 92 69
69 1 25
69 133 70
69 99 71
69 121 68
70 1 25
70 133 74
70 99 75
70 121 68
71 1 25
71 134 72
71 115 69
72 1 25
72 134 73
72 115 69
73 1 25
73 134 71
73 115 69
74 1 25
74 99 78
74 133 69
74 121 68
75 1 25
75 134 76
75 115 70
76 1 25
76 134 77
76 115 70
77 1 25
77 134 75
77 115 70
78 1 25
78 134 79
78 115 74
79 1 25
79 134 80
79 115 74
80 1 25
80 134 78
80 115 74
81 1 25
82 1 15
83 1 15
83 92 84
84 1 15
84 133 85
84 99 86
84 121 83
85 1 15
85 133 89
85 99 90
85 121 83
86 1 15
86 134 87
86 115 84
87 1 15
87 134 88
87 115 84
88 1 15
88 134 86
88 115 84
89 1 15
89 99 93
89 133 84
89 121 83
90 1 15
90 134 91
90 115 85
91 1 15
91 134 92
91 115 85
92 1 15
92 134 90
92 115 85
93 1 15
93 134 94
93 115 89
94 1 15
94 134 95
94 115 89
95 1 15
95 134 93
95 115 89
96 1 15
