# Format: <source_state_id> <instruction_id> <target_state_id>
0 0 1
10 46 20
10 33 21
10 25 22
10 21 23
20 1 10
20 0 52
21 1 10
21 0 51
22 1 10
22 0 50
23 25 24
23 46 25
23 33 26
23 72 27
23 53 10
24 1 23
24 0 49
25 1 23
25 0 46
26 1 23
26 0 45
27 25 28
27 46 29
27 33 30
27 72 31
27 53 10
28 1 27
28 0 44
29 1 27
29 0 41
30 1 27
30 0 40
31 25 32
31 46 33
31 33 34
31 72 23
31 53 10
32 1 31
32 0 39
33 1 31
33 0 36
34 1 31
34 0 35
35 1 31
36 1 31
36 62 37
37 1 36
37 0 38
38 1 36
39 1 31
40 1 27
41 1 27
41 62 42
42 1 41
42 0 43
43 1 41
44 1 27
45 1 23
46 1 23
46 62 47
47 1 46
47 0 48
48 1 46
49 1 23
50 1 10
51 1 10
52 1 10
52 62 53
53 1 52
53 0 54
54 1 52
