# Format: <source_state_id> <instruction_id> <target_state_id>
0 0 1
11 39 20
11 36 21
11 22 22
20 1 11
20 0 92
21 1 11
21 0 79
22 39 24
22 117 25
22 36 23
22 49 11
23 1 22
23 0 66
24 1 22
24 0 63
25 39 27
25 117 28
25 36 26
25 49 11
26 1 25
26 0 50
27 1 25
27 0 47
28 39 30
28 117 22
28 36 29
28 49 11
29 1 28
29 0 34
30 1 28
30 0 31
31 1 28
31 107 32
32 1 31
32 0 33
33 1 31
34 1 28
34 69 35
35 1 28
35 118 36
35 76 37
35 98 34
36 1 28
36 118 40
36 76 41
36 98 34
37 119 38
37 1 28
37 92 35
38 119 39
38 1 28
38 92 35
39 119 37
39 1 28
39 92 35
40 76 44
40 1 28
40 118 35
40 98 34
41 119 42
41 1 28
41 92 36
42 119 43
42 1 28
42 92 36
43 119 41
43 1 28
43 92 36
44 119 45
44 1 28
44 92 40
45 119 46
45 1 28
45 92 40
46 119 44
46 1 28
46 92 40
47 1 25
47 107 48
48 1 47
48 0 49
49 1 47
50 1 25
50 69 51
51 1 25
51 118 52
51 76 53
51 98 50
52 1 25
52 118 56
52 76 57
52 98 50
53 119 54
53 1 25
53 92 51
54 119 55
54 1 25
54 92 51
55 119 53
55 1 25
55 92 51
56 76 60
56 1 25
56 118 51
56 98 50
57 119 58
57 1 25
57 92 52
58 119 59
58 1 25
58 92 52
59 119 57
59 1 25
59 92 52
60 119 61
60 1 25
60 92 56
61 119 62
61 1 25
61 92 56
62 119 60
62 1 25
62 92 56
63 1 22
63 107 64
64 1 63
64 0 65
65 1 63
66 1 22
66 69 67
67 1 22
67 118 68
67 76 69
67 98 66
68 1 22
68 118 72
68 76 73
68 98 66
69 119 70
69 1 22
69 92 67
70 119 71
70 1 22
70 92 67
71 119 69
71 1 22
71 92 67
72 76 76
72 1 22
72 118 67
72 98 66
73 119 74
73 1 22
73 92 68
74 119 75
74 1 22
74 92 68
75 119 73
75 1 22
75 92 68
76 119 77
76 1 22
76 92 72
77 119 78
77 1 22
77 92 72
78 119 76
78 1 22
78 92 72
79 1 11
79 69 80
80 1 11
80 118 81
80 76 82
80 98 79
81 1 11
81 118 85
81 76 86
81 98 79
82 119 83
82 1 11
82 92 80
83 119 84
83 1 11
83 92 80
84 119 82
84 1 11
84 92 80
85 76 89
85 1 11
85 118 80
85 98 79
86 119 87
86 1 11
86 92 81
87 119 88
87 1 11
87 92 81
88 119 86
88 1 11
88 92 81
89 119 90
89 1 11
89 92 85
90 119 91
90 1 11
90 92 85
91 119 89
91 1 11
91 92 85
92 1 11
92 107 93
93 1 92
93 0 94
94 1 92
