# Format: <source_state_id> <instruction_id> <target_state_id>
0 0 1
12 28 20
12 27 21
12 21 22
20 1 12
20 0 44
21 1 12
21 0 43
22 28 23
22 27 24
22 62 25
22 35 12
23 1 22
23 0 40
24 1 22
24 0 39
25 28 26
25 27 27
25 62 28
25 35 12
26 1 25
26 0 36
27 1 25
27 0 35
28 28 29
28 27 30
28 62 22
28 35 12
29 1 28
29 0 32
30 1 28
30 0 31
31 1 28
32 1 28
32 52 33
33 1 32
33 0 34
34 1 32
35 1 25
36 1 25
36 52 37
37 1 36
37 0 38
38 1 36
39 1 22
40 1 22
40 52 41
41 1 40
41 0 42
42 1 40
43 1 12
44 1 12
44 52 45
45 1 44
45 0 46
46 1 44
