# Format: <source_state_id> <instruction_id> <target_state_id>
0 0 1
11 38 20
11 34 21
11 30 22
20 1 11
20 0 86
21 1 11
21 0 73
22 38 23
22 34 24
22 124 25
22 72 11
23 1 22
23 0 72
24 1 22
24 0 59
25 38 26
25 34 27
25 124 28
25 72 11
26 1 25
26 0 58
27 1 25
27 0 45
28 38 29
28 34 30
28 124 22
28 72 11
29 1 28
29 0 44
30 1 28
30 0 31
31 1 28
31 92 32
32 1 28
32 125 33
32 99 34
32 121 31
33 1 28
33 125 37
33 99 38
33 121 31
34 1 28
34 126 35
34 115 32
35 1 28
35 126 36
35 115 32
36 1 28
36 126 34
36 115 32
37 1 28
37 99 41
37 125 32
37 121 31
38 1 28
38 126 39
38 115 33
39 1 28
39 126 40
39 115 33
40 1 28
40 126 38
40 115 33
41 1 28
41 126 42
41 115 37
42 1 28
42 126 43
42 115 37
43 1 28
43 126 41
43 115 37
44 1 28
45 1 25
45 92 46
46 1 25
46 125 47
46 99 48
46 121 45
47 1 25
47 125 51
47 99 52
47 121 45
48 1 25
48 126 49
48 115 46
49 1 25
49 126 50
49 115 46
50 1 25
50 126 48
50 115 46
51 1 25
51 99 55
51 125 46
51 121 45
52 1 25
52 126 53
52 115 47
53 1 25
53 126 54
53 115 47
54 1 25
54 126 52
54 115 47
55 1 25
55 126 56
55 115 51
56 1 25
56 126 57
56 115 51
57 1 25
57 126 55
57 115 51
58 1 25
59 1 22
59 92 60
60 1 22
60 125 61
60 99 62
60 121 59
61 1 22
61 125 65
61 99 66
61 121 59
62 1 22
62 126 63
62 115 60
63 1 22
63 126 64
63 115 60
64 1 22
64 126 62
64 115 60
65 1 22
65 99 69
65 125 60
65 121 59
66 1 22
66 126 67
66 115 61
67 1 22
67 126 68
67 115 61
68 1 22
68 126 66
68 115 61
69 1 22
69 126 70
69 115 65
70 1 22
70 126 71
70 115 65
71 1 22
71 126 69
71 115 65
72 1 22
73 1 11
73 92 74
74 1 11
74 125 75
74 99 76
74 121 73
75 1 11
75 125 79
75 99 80
75 121 73
76 1 11
76 126 77
76 115 74
77 1 11
77 126 78
77 115 74
78 1 11
78 126 76
78 115 74
79 1 11
79 99 83
79 125 74
79 121 73
80 1 11
80 126 81
80 115 75
81 1 11
81 126 82
81 115 75
82 1 11
82 126 80
82 115 75
83 1 11
83 126 84
83 115 79
84 1 11
84 126 85
84 115 79
85 1 11
85 126 83
85 115 79
86 1 11
