# Format: <source_state_id> <instruction_id> <target_state_id>
0 0 1
13 35 22
13 33 23
13 28 24
13 24 25
22 1 13
22 0 96
23 1 13
23 0 83
24 1 13
24 0 82
25 35 26
25 33 27
25 28 28
25 133 29
25 55 13
26 1 25
26 0 81
27 1 25
27 0 68
28 1 25
28 0 67
29 35 30
29 33 31
29 28 32
29 133 33
29 55 13
30 1 29
30 0 66
31 1 29
31 0 53
32 1 29
32 0 52
33 35 34
33 33 35
33 28 36
33 133 25
33 55 13
34 1 33
34 0 51
35 1 33
35 0 38
36 1 33
36 0 37
37 1 33
38 1 33
38 71 39
39 1 33
39 134 40
39 78 41
39 100 38
40 1 33
40 134 44
40 78 45
40 100 38
41 1 33
41 135 42
41 94 39
42 1 33
42 135 43
42 94 39
43 1 33
43 135 41
43 94 39
44 1 33
44 78 48
44 134 39
44 100 38
45 1 33
45 135 46
45 94 40
46 1 33
46 135 47
46 94 40
47 1 33
47 135 45
47 94 40
48 1 33
48 135 49
48 94 44
49 1 33
49 135 50
49 94 44
50 1 33
50 135 48
50 94 44
51 1 33
52 1 29
53 1 29
53 71 54
54 1 29
54 134 55
54 78 56
54 100 53
55 1 29
55 134 59
55 78 60
55 100 53
56 1 29
56 135 57
56 94 54
57 1 29
57 135 58
57 94 54
58 1 29
58 135 56
58 94 54
59 1 29
59 78 63
59 134 54
59 100 53
60 1 29
60 135 61
60 94 55
61 1 29
61 135 62
61 94 55
62 1 29
62 135 60
62 94 55
63 1 29
63 135 64
63 94 59
64 1 29
64 135 65
64 94 59
65 1 29
65 135 63
65 94 59
66 1 29
67 1 25
68 1 25
68 71 69
69 1 25
69 134 70
69 78 71
69 100 68
70 1 25
70 134 74
70 78 75
70 100 68
71 1 25
71 135 72
71 94 69
72 1 25
72 135 73
72 94 69
73 1 25
73 135 71
73 94 69
74 1 25
74 78 78
74 134 69
74 100 68
75 1 25
75 135 76
75 94 70
76 1 25
76 135 77
76 94 70
77 1 25
77 135 75
77 94 70
78 1 25
78 135 79
78 94 74
79 1 25
79 135 80
79 94 74
80 1 25
80 135 78
80 94 74
81 1 25
82 1 13
83 1 13
83 71 84
84 1 13
84 134 85
84 78 86
84 100 83
85 1 13
85 134 89
85 78 90
85 100 83
86 1 13
86 135 87
86 94 84
87 1 13
87 135 88
87 94 84
88 1 13
88 135 86
88 94 84
89 1 13
89 78 93
89 134 84
89 100 83
90 1 13
90 135 91
90 94 85
91 1 13
91 135 92
91 94 85
92 1 13
92 135 90
92 94 85
93 1 13
93 135 94
93 94 89
94 1 13
94 135 95
94 94 89
95 1 13
95 135 93
95 94 89
96 1 13
