# Format: <source_state_id> <instruction_id> <target_state_id>
0 0 1
11 50 20
11 45 21
11 29 22
11 25 23
20 1 11
20 0 94
21 1 11
21 0 81
22 1 11
22 0 80
23 50 24
23 45 25
23 29 26
23 120 27
23 60 11
24 1 23
24 0 79
25 1 23
25 0 66
26 1 23
26 0 65
27 50 28
27 45 29
27 29 30
27 120 31
27 60 11
28 1 27
28 0 64
29 1 27
29 0 51
30 1 27
30 0 50
31 50 32
31 45 33
31 29 34
31 120 23
31 60 11
32 1 31
32 0 49
33 1 31
33 0 36
34 1 31
34 0 35
35 1 31
36 1 31
36 80 37
37 1 31
37 121 38
37 87 39
37 109 36
38 1 31
38 121 42
38 87 43
38 109 36
39 1 31
39 122 40
39 103 37
40 1 31
40 122 41
40 103 37
41 1 31
41 122 39
41 103 37
42 1 31
42 87 46
42 121 37
42 109 36
43 1 31
43 122 44
43 103 38
44 1 31
44 122 45
44 103 38
45 1 31
45 122 43
45 103 38
46 1 31
46 122 47
46 103 42
47 1 31
47 122 48
47 103 42
48 1 31
48 122 46
48 103 42
49 1 31
50 1 27
51 1 27
51 80 52
52 1 27
52 121 53
52 87 54
52 109 51
53 1 27
53 121 57
53 87 58
53 109 51
54 1 27
54 122 55
54 103 52
55 1 27
55 122 56
55 103 52
56 1 27
56 122 54
56 103 52
57 1 27
57 87 61
57 121 52
57 109 51
58 1 27
58 122 59
58 103 53
59 1 27
59 122 60
59 103 53
60 1 27
60 122 58
60 103 53
61 1 27
61 122 62
61 103 57
62 1 27
62 122 63
62 103 57
63 1 27
63 122 61
63 103 57
64 1 27
65 1 23
66 1 23
66 80 67
67 1 23
67 121 68
67 87 69
67 109 66
68 1 23
68 121 72
68 87 73
68 109 66
69 1 23
69 122 70
69 103 67
70 1 23
70 122 71
70 103 67
71 1 23
71 122 69
71 103 67
72 1 23
72 87 76
72 121 67
72 109 66
73 1 23
73 122 74
73 103 68
74 1 23
74 122 75
74 103 68
75 1 23
75 122 73
75 103 68
76 1 23
76 122 77
76 103 72
77 1 23
77 122 78
77 103 72
78 1 23
78 122 76
78 103 72
79 1 23
80 1 11
81 1 11
81 80 82
82 1 11
82 121 83
82 87 84
82 109 81
83 1 11
83 121 87
83 87 88
83 109 81
84 1 11
84 122 85
84 103 82
85 1 11
85 122 86
85 103 82
86 1 11
86 122 84
86 103 82
87 1 11
87 87 91
87 121 82
87 109 81
88 1 11
88 122 89
88 103 83
89 1 11
89 122 90
89 103 83
90 1 11
90 122 88
90 103 83
91 1 11
91 122 92
91 103 87
92 1 11
92 122 93
92 103 87
93 1 11
93 122 91
93 103 87
94 1 11
