# Format: <source_state_id> <instruction_id> <target_state_id>
0 0 1
10 45 20
10 40 21
10 28 22
10 24 23
20 1 10
20 0 54
21 1 10
21 0 51
22 1 10
22 0 50
23 40 24
23 28 25
23 45 26
23 71 27
23 52 10
24 1 23
24 0 47
25 1 23
25 0 46
26 1 23
26 0 45
27 40 28
27 28 29
27 45 30
27 71 31
27 52 10
28 1 27
28 0 42
29 1 27
29 0 41
30 1 27
30 0 40
31 40 32
31 28 33
31 45 34
31 71 23
31 52 10
32 1 31
32 0 37
33 1 31
33 0 36
34 1 31
34 0 35
35 1 31
36 1 31
37 1 31
37 61 38
38 1 37
38 0 39
39 1 37
40 1 27
41 1 27
42 1 27
42 61 43
43 1 42
43 0 44
44 1 42
45 1 23
46 1 23
47 1 23
47 61 48
48 1 47
48 0 49
49 1 47
50 1 10
51 1 10
51 61 52
52 1 51
52 0 53
53 1 51
54 1 10
