# Format: <source_state_id> <instruction_id> <target_state_id>
0 0 1
10 28 20
10 26 21
10 22 22
20 1 10
20 0 86
21 1 10
21 0 73
22 28 23
22 26 24
22 110 25
22 50 10
23 1 22
23 0 72
24 1 22
24 0 59
25 28 26
25 26 27
25 110 28
25 50 10
26 1 25
26 0 58
27 1 25
27 0 45
28 28 29
28 26 30
28 110 22
28 50 10
29 1 28
29 0 44
30 1 28
30 0 31
31 1 28
31 66 32
32 1 28
32 111 33
32 73 34
32 95 31
33 1 28
33 111 37
33 73 38
33 95 31
34 1 28
34 112 35
34 89 32
35 1 28
35 112 36
35 89 32
36 1 28
36 112 34
36 89 32
37 1 28
37 73 41
37 111 32
37 95 31
38 1 28
38 112 39
38 89 33
39 1 28
39 112 40
39 89 33
40 1 28
40 112 38
40 89 33
41 1 28
41 112 42
41 89 37
42 1 28
42 112 43
42 89 37
43 1 28
43 112 41
43 89 37
44 1 28
45 1 25
45 66 46
46 1 25
46 111 47
46 73 48
46 95 45
47 1 25
47 111 51
47 73 52
47 95 45
48 1 25
48 112 49
48 89 46
49 1 25
49 112 50
49 89 46
50 1 25
50 112 48
50 89 46
51 1 25
51 73 55
51 111 46
51 95 45
52 1 25
52 112 53
52 89 47
53 1 25
53 112 54
53 89 47
54 1 25
54 112 52
54 89 47
55 1 25
55 112 56
55 89 51
56 1 25
56 112 57
56 89 51
57 1 25
57 112 55
57 89 51
58 1 25
59 1 22
59 66 60
60 1 22
60 111 61
60 73 62
60 95 59
61 1 22
61 111 65
61 73 66
61 95 59
62 1 22
62 112 63
62 89 60
63 1 22
63 112 64
63 89 60
64 1 22
64 112 62
64 89 60
65 1 22
65 73 69
65 111 60
65 95 59
66 1 22
66 112 67
66 89 61
67 1 22
67 112 68
67 89 61
68 1 22
68 112 66
68 89 61
69 1 22
69 112 70
69 89 65
70 1 22
70 112 71
70 89 65
71 1 22
71 112 69
71 89 65
72 1 22
73 1 10
73 66 74
74 1 10
74 111 75
74 73 76
74 95 73
75 1 10
75 111 79
75 73 80
75 95 73
76 1 10
76 112 77
76 89 74
77 1 10
77 112 78
77 89 74
78 1 10
78 112 76
78 89 74
79 1 10
79 73 83
79 111 74
79 95 73
80 1 10
80 112 81
80 89 75
81 1 10
81 112 82
81 89 75
82 1 10
82 112 80
82 89 75
83 1 10
83 112 84
83 89 79
84 1 10
84 112 85
84 89 79
85 1 10
85 112 83
85 89 79
86 1 10
