# Format: <source_state_id> <instruction_id> <target_state_id>
0 0 1
12 84 20
12 82 21
12 77 22
20 1 12
20 0 45
21 1 12
21 0 43
22 84 23
22 82 24
22 94 25
22 91 12
23 1 22
23 0 41
24 1 22
24 0 39
25 84 26
25 82 27
25 94 28
25 91 12
26 1 25
26 0 37
27 1 25
27 0 35
28 84 29
28 82 30
28 94 22
28 91 12
29 1 28
29 0 33
30 1 28
30 0 31
31 1 28
31 26 32
32 1 31
32 0 31
33 1 28
33 54 34
34 1 33
34 0 33
35 1 25
35 26 36
36 1 35
36 0 35
37 1 25
37 54 38
38 1 37
38 0 37
39 1 22
39 26 40
40 1 39
40 0 39
41 1 22
41 54 42
42 1 41
42 0 41
43 1 12
43 26 44
44 1 43
44 0 43
45 1 12
45 54 46
46 1 45
46 0 45
