# Format: <source_state_id> <instruction_id> <target_state_id>
0 0 1
12 62 20
12 37 21
12 31 22
12 40 23
12 27 24
20 1 12
20 0 102
21 1 12
21 0 89
22 1 12
22 0 88
23 1 12
23 0 87
24 62 25
24 40 26
24 37 27
24 130 29
24 31 28
24 70 12
25 1 24
25 0 86
26 1 24
26 0 85
27 1 24
27 0 72
28 1 24
28 0 71
29 62 30
29 40 31
29 37 32
29 130 34
29 31 33
29 70 12
30 1 29
30 0 70
31 1 29
31 0 69
32 1 29
32 0 56
33 1 29
33 0 55
34 62 35
34 40 36
34 37 37
34 130 24
34 31 38
34 70 12
35 1 34
35 0 54
36 1 34
36 0 53
37 1 34
37 0 40
38 1 34
38 0 39
39 1 34
40 1 34
40 90 41
41 1 34
41 131 42
41 97 43
41 119 40
42 1 34
42 131 46
42 97 47
42 119 40
43 1 34
43 132 44
43 113 41
44 1 34
44 132 45
44 113 41
45 1 34
45 132 43
45 113 41
46 97 50
46 1 34
46 131 41
46 119 40
47 1 34
47 132 48
47 113 42
48 1 34
48 132 49
48 113 42
49 1 34
49 132 47
49 113 42
50 1 34
50 132 51
50 113 46
51 1 34
51 132 52
51 113 46
52 1 34
52 132 50
52 113 46
53 1 34
54 1 34
55 1 29
56 1 29
56 90 57
57 1 29
57 131 58
57 97 59
57 119 56
58 1 29
58 131 62
58 97 63
58 119 56
59 1 29
59 132 60
59 113 57
60 1 29
60 132 61
60 113 57
61 1 29
61 132 59
61 113 57
62 97 66
62 1 29
62 131 57
62 119 56
63 1 29
63 132 64
63 113 58
64 1 29
64 132 65
64 113 58
65 1 29
65 132 63
65 113 58
66 1 29
66 132 67
66 113 62
67 1 29
67 132 68
67 113 62
68 1 29
68 132 66
68 113 62
69 1 29
70 1 29
71 1 24
72 1 24
72 90 73
73 1 24
73 131 74
73 97 75
73 119 72
74 1 24
74 131 78
74 97 79
74 119 72
75 1 24
75 132 76
75 113 73
76 1 24
76 132 77
76 113 73
77 1 24
77 132 75
77 113 73
78 97 82
78 1 24
78 131 73
78 119 72
79 1 24
79 132 80
79 113 74
80 1 24
80 132 81
80 113 74
81 1 24
81 132 79
81 113 74
82 1 24
82 132 83
82 113 78
83 1 24
83 132 84
83 113 78
84 1 24
84 132 82
84 113 78
85 1 24
86 1 24
87 1 12
88 1 12
89 1 12
89 90 90
90 1 12
90 131 91
90 97 92
90 119 89
91 1 12
91 131 95
91 97 96
91 119 89
92 1 12
92 132 93
92 113 90
93 1 12
93 132 94
93 113 90
94 1 12
94 132 92
94 113 90
95 97 99
95 1 12
95 131 90
95 119 89
96 1 12
96 132 97
96 113 91
97 1 12
97 132 98
97 113 91
98 1 12
98 132 96
98 113 91
99 1 12
99 132 100
99 113 95
100 1 12
100 132 101
100 113 95
101 1 12
101 132 99
101 113 95
102 1 12
