# Format: <source_state_id> <instruction_id> <target_state_id>
0 0 1
13 37 20
13 32 21
13 35 22
13 22 23
13 18 24
20 1 13
20 0 90
21 1 13
21 0 89
22 1 13
22 0 88
23 1 13
23 0 87
24 37 25
24 32 26
24 35 27
24 22 28
24 112 29
24 49 13
25 1 24
25 0 74
26 1 24
26 0 73
27 1 24
27 0 72
28 1 24
28 0 71
29 37 30
29 32 31
29 35 32
29 22 33
29 112 34
29 49 13
30 1 29
30 0 58
31 1 29
31 0 57
32 1 29
32 0 56
33 1 29
33 0 55
34 37 35
34 32 36
34 35 37
34 22 38
34 112 24
34 49 13
35 1 34
35 0 42
36 1 34
36 0 41
37 1 34
37 0 40
38 1 34
38 0 39
39 1 34
40 1 34
41 1 34
42 1 34
42 81 43
43 1 34
43 113 44
43 88 45
43 110 42
44 1 34
44 113 48
44 88 49
44 110 42
45 1 34
45 114 46
45 104 43
46 1 34
46 114 47
46 104 43
47 1 34
47 114 45
47 104 43
48 1 34
48 88 52
48 113 43
48 110 42
49 1 34
49 114 50
49 104 44
50 1 34
50 114 51
50 104 44
51 1 34
51 114 49
51 104 44
52 1 34
52 114 53
52 104 48
53 1 34
53 114 54
53 104 48
54 1 34
54 114 52
54 104 48
55 1 29
56 1 29
57 1 29
58 1 29
58 81 59
59 1 29
59 113 60
59 88 61
59 110 58
60 1 29
60 113 64
60 88 65
60 110 58
61 1 29
61 114 62
61 104 59
62 1 29
62 114 63
62 104 59
63 1 29
63 114 61
63 104 59
64 1 29
64 88 68
64 113 59
64 110 58
65 1 29
65 114 66
65 104 60
66 1 29
66 114 67
66 104 60
67 1 29
67 114 65
67 104 60
68 1 29
68 114 69
68 104 64
69 1 29
69 114 70
69 104 64
70 1 29
70 114 68
70 104 64
71 1 24
72 1 24
73 1 24
74 1 24
74 81 75
75 1 24
75 113 76
75 88 77
75 110 74
76 1 24
76 113 80
76 88 81
76 110 74
77 1 24
77 114 78
77 104 75
78 1 24
78 114 79
78 104 75
79 1 24
79 114 77
79 104 75
80 1 24
80 88 84
80 113 75
80 110 74
81 1 24
81 114 82
81 104 76
82 1 24
82 114 83
82 104 76
83 1 24
83 114 81
83 104 76
84 1 24
84 114 85
84 104 80
85 1 24
85 114 86
85 104 80
86 1 24
86 114 84
86 104 80
87 1 13
88 1 13
89 1 13
90 1 13
90 81 91
91 1 13
91 113 92
91 88 93
91 110 90
92 1 13
92 113 96
92 88 97
92 110 90
93 1 13
93 114 94
93 104 91
94 1 13
94 114 95
94 104 91
95 1 13
95 114 93
95 104 91
96 1 13
96 88 100
96 113 91
96 110 90
97 1 13
97 114 98
97 104 92
98 1 13
98 114 99
98 104 92
99 1 13
99 114 97
99 104 92
100 1 13
100 114 101
100 104 96
101 1 13
101 114 102
101 104 96
102 1 13
102 114 100
102 104 96
