# Format: <source_state_id> <instruction_id> <target_state_id>
0 0 1
11 40 20
11 32 21
11 18 22
20 1 11
20 0 89
21 1 11
21 0 76
22 40 23
22 32 24
22 141 25
22 50 11
23 1 22
23 0 74
24 1 22
24 0 61
25 40 26
25 32 27
25 141 28
25 50 11
26 1 25
26 0 59
27 1 25
27 0 46
28 40 29
28 32 30
28 141 22
28 50 11
29 1 28
29 0 44
30 1 28
30 0 31
31 1 28
31 66 32
32 1 28
32 142 33
32 73 34
32 95 31
33 1 28
33 142 37
33 73 38
33 95 31
34 1 28
34 143 35
34 89 32
35 1 28
35 143 36
35 89 32
36 1 28
36 143 34
36 89 32
37 1 28
37 73 41
37 142 32
37 95 31
38 1 28
38 143 39
38 89 33
39 1 28
39 143 40
39 89 33
40 1 28
40 143 38
40 89 33
41 1 28
41 143 42
41 89 37
42 1 28
42 143 43
42 89 37
43 1 28
43 143 41
43 89 37
44 1 28
44 136 45
45 1 44
45 0 44
46 1 25
46 66 47
47 1 25
47 142 48
47 73 49
47 95 46
48 1 25
48 142 52
48 73 53
48 95 46
49 1 25
49 143 50
49 89 47
50 1 25
50 143 51
50 89 47
51 1 25
51 143 49
51 89 47
52 1 25
52 73 56
52 142 47
52 95 46
53 1 25
53 143 54
53 89 48
54 1 25
54 143 55
54 89 48
55 1 25
55 143 53
55 89 48
56 1 25
56 143 57
56 89 52
57 1 25
57 143 58
57 89 52
58 1 25
58 143 56
58 89 52
59 1 25
59 136 60
60 1 59
60 0 59
61 1 22
61 66 62
62 1 22
62 142 63
62 73 64
62 95 61
63 1 22
63 142 67
63 73 68
63 95 61
64 1 22
64 143 65
64 89 62
65 1 22
65 143 66
65 89 62
66 1 22
66 143 64
66 89 62
67 1 22
67 73 71
67 142 62
67 95 61
68 1 22
68 143 69
68 89 63
69 1 22
69 143 70
69 89 63
70 1 22
70 143 68
70 89 63
71 1 22
71 143 72
71 89 67
72 1 22
72 143 73
72 89 67
73 1 22
73 143 71
73 89 67
74 1 22
74 136 75
75 1 74
75 0 74
76 1 11
76 66 77
77 1 11
77 142 78
77 73 79
77 95 76
78 1 11
78 142 82
78 73 83
78 95 76
79 1 11
79 143 80
79 89 77
80 1 11
80 143 81
80 89 77
81 1 11
81 143 79
81 89 77
82 1 11
82 73 86
82 142 77
82 95 76
83 1 11
83 143 84
83 89 78
84 1 11
84 143 85
84 89 78
85 1 11
85 143 83
85 89 78
86 1 11
86 143 87
86 89 82
87 1 11
87 143 88
87 89 82
88 1 11
88 143 86
88 89 82
89 1 11
89 136 90
90 1 89
90 0 89
