# Format: <source_state_id> <instruction_id> <target_state_id>
0 0 1
15 110 20
15 42 21
15 37 22
15 33 23
20 1 15
20 0 265
21 1 15
21 0 252
22 1 15
22 0 251
23 42 24
23 37 25
23 164 26
23 110 27
23 58 28
23 117 15
24 1 23
24 0 238
25 1 23
25 0 237
26 42 86
26 37 87
26 164 88
26 110 89
26 58 90
26 117 15
27 1 23
27 0 85
28 110 29
28 42 30
28 37 31
28 165 32
28 79 23
29 1 28
29 0 84
30 1 28
30 0 71
31 1 28
31 0 70
32 110 33
32 42 34
32 37 35
32 165 36
32 79 23
33 1 32
33 0 69
34 1 32
34 0 56
35 1 32
35 0 55
36 110 37
36 42 38
36 37 39
36 165 28
36 79 23
37 1 36
37 0 54
38 1 36
38 0 41
39 1 36
39 0 40
40 1 36
41 1 36
41 133 42
42 1 36
42 167 43
42 140 44
42 162 41
43 1 36
43 167 47
43 140 48
43 162 41
44 1 36
44 168 45
44 156 42
45 1 36
45 168 46
45 156 42
46 1 36
46 168 44
46 156 42
47 1 36
47 140 51
47 167 42
47 162 41
48 1 36
48 168 49
48 156 43
49 1 36
49 168 50
49 156 43
50 1 36
50 168 48
50 156 43
51 1 36
51 168 52
51 156 47
52 1 36
52 168 53
52 156 47
53 1 36
53 168 51
53 156 47
54 1 36
55 1 32
56 1 32
56 133 57
57 1 32
57 167 58
57 140 59
57 162 56
58 1 32
58 167 62
58 140 63
58 162 56
59 1 32
59 168 60
59 156 57
60 1 32
60 168 61
60 156 57
61 1 32
61 168 59
61 156 57
62 1 32
62 140 66
62 167 57
62 162 56
63 1 32
63 168 64
63 156 58
64 1 32
64 168 65
64 156 58
65 1 32
65 168 63
65 156 58
66 1 32
66 168 67
66 156 62
67 1 32
67 168 68
67 156 62
68 1 32
68 168 66
68 156 62
69 1 32
70 1 28
71 1 28
71 133 72
72 1 28
72 167 73
72 140 74
72 162 71
73 1 28
73 167 77
73 140 78
73 162 71
74 1 28
74 168 75
74 156 72
75 1 28
75 168 76
75 156 72
76 1 28
76 168 74
76 156 72
77 1 28
77 140 81
77 167 72
77 162 71
78 1 28
78 168 79
78 156 73
79 1 28
79 168 80
79 156 73
80 1 28
80 168 78
80 156 73
81 1 28
81 168 82
81 156 77
82 1 28
82 168 83
82 156 77
83 1 28
83 168 81
83 156 77
84 1 28
85 1 23
86 1 26
86 0 224
87 1 26
87 0 223
88 42 148
88 37 149
88 110 150
88 58 151
88 164 23
88 117 15
89 1 26
89 0 147
90 110 91
90 42 92
90 37 93
90 165 94
90 79 26
91 1 90
91 0 146
92 1 90
92 0 133
93 1 90
93 0 132
94 110 95
94 42 96
94 37 97
94 165 98
94 79 26
95 1 94
95 0 131
96 1 94
96 0 118
97 1 94
97 0 117
98 110 99
98 42 100
98 37 101
98 165 90
98 79 26
99 1 98
99 0 116
100 1 98
100 0 103
101 1 98
101 0 102
102 1 98
103 1 98
103 133 104
104 1 98
104 167 105
104 140 106
104 162 103
105 1 98
105 167 109
105 140 110
105 162 103
106 1 98
106 168 107
106 156 104
107 1 98
107 168 108
107 156 104
108 1 98
108 168 106
108 156 104
109 1 98
109 140 113
109 167 104
109 162 103
110 1 98
110 168 111
110 156 105
111 1 98
111 168 112
111 156 105
112 1 98
112 168 110
112 156 105
113 1 98
113 168 114
113 156 109
114 1 98
114 168 115
114 156 109
115 1 98
115 168 113
115 156 109
116 1 98
117 1 94
118 1 94
118 133 119
119 1 94
119 167 120
119 140 121
119 162 118
120 1 94
120 167 124
120 140 125
120 162 118
121 1 94
121 168 122
121 156 119
122 1 94
122 168 123
122 156 119
123 1 94
123 168 121
123 156 119
124 1 94
124 140 128
124 167 119
124 162 118
125 1 94
125 168 126
125 156 120
126 1 94
126 168 127
126 156 120
127 1 94
127 168 125
127 156 120
128 1 94
128 168 129
128 156 124
129 1 94
129 168 130
129 156 124
130 1 94
130 168 128
130 156 124
131 1 94
132 1 90
133 1 90
133 133 134
134 1 90
134 167 135
134 140 136
134 162 133
135 1 90
135 167 139
135 140 140
135 162 133
136 1 90
136 168 137
136 156 134
137 1 90
137 168 138
137 156 134
138 1 90
138 168 136
138 156 134
139 1 90
139 140 143
139 167 134
139 162 133
140 1 90
140 168 141
140 156 135
141 1 90
141 168 142
141 156 135
142 1 90
142 168 140
142 156 135
143 1 90
143 168 144
143 156 139
144 1 90
144 168 145
144 156 139
145 1 90
145 168 143
145 156 139
146 1 90
147 1 26
148 1 88
148 0 210
149 1 88
149 0 209
150 1 88
150 0 208
151 110 152
151 42 153
151 37 154
151 165 155
151 79 88
152 1 151
152 0 207
153 1 151
153 0 194
154 1 151
154 0 193
155 110 156
155 42 157
155 37 158
155 165 159
155 79 88
156 1 155
156 0 192
157 1 155
157 0 179
158 1 155
158 0 178
159 110 160
159 42 161
159 37 162
159 165 151
159 79 88
160 1 159
160 0 177
161 1 159
161 0 164
162 1 159
162 0 163
163 1 159
164 1 159
164 133 165
165 1 159
165 167 166
165 140 167
165 162 164
166 1 159
166 167 170
166 140 171
166 162 164
167 1 159
167 168 168
167 156 165
168 1 159
168 168 169
168 156 165
169 1 159
169 168 167
169 156 165
170 1 159
170 140 174
170 167 165
170 162 164
171 1 159
171 168 172
171 156 166
172 1 159
172 168 173
172 156 166
173 1 159
173 168 171
173 156 166
174 1 159
174 168 175
174 156 170
175 1 159
175 168 176
175 156 170
176 1 159
176 168 174
176 156 170
177 1 159
178 1 155
179 1 155
179 133 180
180 1 155
180 167 181
180 140 182
180 162 179
181 1 155
181 167 185
181 140 186
181 162 179
182 1 155
182 168 183
182 156 180
183 1 155
183 168 184
183 156 180
184 1 155
184 168 182
184 156 180
185 1 155
185 140 189
185 167 180
185 162 179
186 1 155
186 168 187
186 156 181
187 1 155
187 168 188
187 156 181
188 1 155
188 168 186
188 156 181
189 1 155
189 168 190
189 156 185
190 1 155
190 168 191
190 156 185
191 1 155
191 168 189
191 156 185
192 1 155
193 1 151
194 1 151
194 133 195
195 1 151
195 167 196
195 140 197
195 162 194
196 1 151
196 167 200
196 140 201
196 162 194
197 1 151
197 168 198
197 156 195
198 1 151
198 168 199
198 156 195
199 1 151
199 168 197
199 156 195
200 1 151
200 140 204
200 167 195
200 162 194
201 1 151
201 168 202
201 156 196
202 1 151
202 168 203
202 156 196
203 1 151
203 168 201
203 156 196
204 1 151
204 168 205
204 156 200
205 1 151
205 168 206
205 156 200
206 1 151
206 168 204
206 156 200
207 1 151
208 1 88
209 1 88
210 1 88
210 133 211
211 1 88
211 167 212
211 140 213
211 162 210
212 1 88
212 167 216
212 140 217
212 162 210
213 1 88
213 168 214
213 156 211
214 1 88
214 168 215
214 156 211
215 1 88
215 168 213
215 156 211
216 1 88
216 140 220
216 167 211
216 162 210
217 1 88
217 168 218
217 156 212
218 1 88
218 168 219
218 156 212
219 1 88
219 168 217
219 156 212
220 1 88
220 168 221
220 156 216
221 1 88
221 168 222
221 156 216
222 1 88
222 168 220
222 156 216
223 1 26
224 1 26
224 133 225
225 1 26
225 167 226
225 140 227
225 162 224
226 1 26
226 167 230
226 140 231
226 162 224
227 1 26
227 168 228
227 156 225
228 1 26
228 168 229
228 156 225
229 1 26
229 168 227
229 156 225
230 1 26
230 140 234
230 167 225
230 162 224
231 1 26
231 168 232
231 156 226
232 1 26
232 168 233
232 156 226
233 1 26
233 168 231
233 156 226
234 1 26
234 168 235
234 156 230
235 1 26
235 168 236
235 156 230
236 1 26
236 168 234
236 156 230
237 1 23
238 1 23
238 133 239
239 1 23
239 167 240
239 140 241
239 162 238
240 1 23
240 167 244
240 140 245
240 162 238
241 1 23
241 168 242
241 156 239
242 1 23
242 168 243
242 156 239
243 1 23
243 168 241
243 156 239
244 1 23
244 140 248
244 167 239
244 162 238
245 1 23
245 168 246
245 156 240
246 1 23
246 168 247
246 156 240
247 1 23
247 168 245
247 156 240
248 1 23
248 168 249
248 156 244
249 1 23
249 168 250
249 156 244
250 1 23
250 168 248
250 156 244
251 1 15
252 1 15
252 133 253
253 1 15
253 167 254
253 140 255
253 162 252
254 1 15
254 167 258
254 140 259
254 162 252
255 1 15
255 168 256
255 156 253
256 1 15
256 168 257
256 156 253
257 1 15
257 168 255
257 156 253
258 1 15
258 140 262
258 167 253
258 162 252
259 1 15
259 168 260
259 156 254
260 1 15
260 168 261
260 156 254
261 1 15
261 168 259
261 156 254
262 1 15
262 168 263
262 156 258
263 1 15
263 168 264
263 156 258
264 1 15
264 168 262
264 156 258
265 1 15
