# Format: <source_state_id> <instruction_id> <target_state_id>
0 0 1
10 54 20
10 51 21
10 34 22
10 30 23
20 1 10
20 0 46
21 1 10
21 0 45
22 1 10
22 0 44
23 54 24
23 51 25
23 34 26
23 73 27
23 62 10
24 1 23
24 0 43
25 1 23
25 0 42
26 1 23
26 0 41
27 54 28
27 51 29
27 34 30
27 73 31
27 62 10
28 1 27
28 0 40
29 1 27
29 0 39
30 1 27
30 0 38
31 54 32
31 51 33
31 34 34
31 73 23
31 62 10
32 1 31
32 0 37
33 1 31
33 0 36
34 1 31
34 0 35
35 1 31
36 1 31
37 1 31
38 1 27
39 1 27
40 1 27
41 1 23
42 1 23
43 1 23
44 1 10
45 1 10
46 1 10
