# Format: <source_state_id> <instruction_id> <target_state_id>
0 0 1
12 42 20
12 38 21
12 33 22
20 1 12
20 0 239
21 1 12
21 0 226
22 42 23
22 38 24
22 165 25
22 61 26
22 113 12
23 1 22
23 0 225
24 1 22
24 0 212
25 42 77
25 38 78
25 165 79
25 61 80
25 113 12
26 38 27
26 166 29
26 42 28
26 81 22
27 1 26
27 0 64
28 1 26
28 0 63
29 38 30
29 166 32
29 42 31
29 81 22
30 1 29
30 0 50
31 1 29
31 0 49
32 38 33
32 166 26
32 42 34
32 81 22
33 1 32
33 0 36
34 1 32
34 0 35
35 1 32
36 1 32
36 133 37
37 1 32
37 168 38
37 140 39
37 162 36
38 1 32
38 168 42
38 140 43
38 162 36
39 1 32
39 169 40
39 156 37
40 1 32
40 169 41
40 156 37
41 1 32
41 169 39
41 156 37
42 1 32
42 140 46
42 168 37
42 162 36
43 1 32
43 169 44
43 156 38
44 1 32
44 169 45
44 156 38
45 1 32
45 169 43
45 156 38
46 1 32
46 169 47
46 156 42
47 1 32
47 169 48
47 156 42
48 1 32
48 169 46
48 156 42
49 1 29
50 1 29
50 133 51
51 1 29
51 168 52
51 140 53
51 162 50
52 1 29
52 168 56
52 140 57
52 162 50
53 1 29
53 169 54
53 156 51
54 1 29
54 169 55
54 156 51
55 1 29
55 169 53
55 156 51
56 1 29
56 140 60
56 168 51
56 162 50
57 1 29
57 169 58
57 156 52
58 1 29
58 169 59
58 156 52
59 1 29
59 169 57
59 156 52
60 1 29
60 169 61
60 156 56
61 1 29
61 169 62
61 156 56
62 1 29
62 169 60
62 156 56
63 1 26
64 1 26
64 133 65
65 1 26
65 168 66
65 140 67
65 162 64
66 1 26
66 168 70
66 140 71
66 162 64
67 1 26
67 169 68
67 156 65
68 1 26
68 169 69
68 156 65
69 1 26
69 169 67
69 156 65
70 1 26
70 140 74
70 168 65
70 162 64
71 1 26
71 169 72
71 156 66
72 1 26
72 169 73
72 156 66
73 1 26
73 169 71
73 156 66
74 1 26
74 169 75
74 156 70
75 1 26
75 169 76
75 156 70
76 1 26
76 169 74
76 156 70
77 1 25
77 0 211
78 1 25
78 0 198
79 42 131
79 38 132
79 61 133
79 165 22
79 113 12
80 38 81
80 166 83
80 42 82
80 81 25
81 1 80
81 0 118
82 1 80
82 0 117
83 38 84
83 166 86
83 42 85
83 81 25
84 1 83
84 0 104
85 1 83
85 0 103
86 38 87
86 166 80
86 42 88
86 81 25
87 1 86
87 0 90
88 1 86
88 0 89
89 1 86
90 1 86
90 133 91
91 1 86
91 168 92
91 140 93
91 162 90
92 1 86
92 168 96
92 140 97
92 162 90
93 1 86
93 169 94
93 156 91
94 1 86
94 169 95
94 156 91
95 1 86
95 169 93
95 156 91
96 1 86
96 140 100
96 168 91
96 162 90
97 1 86
97 169 98
97 156 92
98 1 86
98 169 99
98 156 92
99 1 86
99 169 97
99 156 92
100 1 86
100 169 101
100 156 96
101 1 86
101 169 102
101 156 96
102 1 86
102 169 100
102 156 96
103 1 83
104 1 83
104 133 105
105 1 83
105 168 106
105 140 107
105 162 104
106 1 83
106 168 110
106 140 111
106 162 104
107 1 83
107 169 108
107 156 105
108 1 83
108 169 109
108 156 105
109 1 83
109 169 107
109 156 105
110 1 83
110 140 114
110 168 105
110 162 104
111 1 83
111 169 112
111 156 106
112 1 83
112 169 113
112 156 106
113 1 83
113 169 111
113 156 106
114 1 83
114 169 115
114 156 110
115 1 83
115 169 116
115 156 110
116 1 83
116 169 114
116 156 110
117 1 80
118 1 80
118 133 119
119 1 80
119 168 120
119 140 121
119 162 118
120 1 80
120 168 124
120 140 125
120 162 118
121 1 80
121 169 122
121 156 119
122 1 80
122 169 123
122 156 119
123 1 80
123 169 121
123 156 119
124 1 80
124 140 128
124 168 119
124 162 118
125 1 80
125 169 126
125 156 120
126 1 80
126 169 127
126 156 120
127 1 80
127 169 125
127 156 120
128 1 80
128 169 129
128 156 124
129 1 80
129 169 130
129 156 124
130 1 80
130 169 128
130 156 124
131 1 79
131 0 197
132 1 79
132 0 184
133 38 134
133 166 136
133 42 135
133 81 79
134 1 133
134 0 171
135 1 133
135 0 170
136 38 137
136 166 139
136 42 138
136 81 79
137 1 136
137 0 157
138 1 136
138 0 156
139 38 140
139 166 133
139 42 141
139 81 79
140 1 139
140 0 143
141 1 139
141 0 142
142 1 139
143 1 139
143 133 144
144 1 139
144 168 145
144 140 146
144 162 143
145 1 139
145 168 149
145 140 150
145 162 143
146 1 139
146 169 147
146 156 144
147 1 139
147 169 148
147 156 144
148 1 139
148 169 146
148 156 144
149 1 139
149 140 153
149 168 144
149 162 143
150 1 139
150 169 151
150 156 145
151 1 139
151 169 152
151 156 145
152 1 139
152 169 150
152 156 145
153 1 139
153 169 154
153 156 149
154 1 139
154 169 155
154 156 149
155 1 139
155 169 153
155 156 149
156 1 136
157 1 136
157 133 158
158 1 136
158 168 159
158 140 160
158 162 157
159 1 136
159 168 163
159 140 164
159 162 157
160 1 136
160 169 161
160 156 158
161 1 136
161 169 162
161 156 158
162 1 136
162 169 160
162 156 158
163 1 136
163 140 167
163 168 158
163 162 157
164 1 136
164 169 165
164 156 159
165 1 136
165 169 166
165 156 159
166 1 136
166 169 164
166 156 159
167 1 136
167 169 168
167 156 163
168 1 136
168 169 169
168 156 163
169 1 136
169 169 167
169 156 163
170 1 133
171 1 133
171 133 172
172 1 133
172 168 173
172 140 174
172 162 171
173 1 133
173 168 177
173 140 178
173 162 171
174 1 133
174 169 175
174 156 172
175 1 133
175 169 176
175 156 172
176 1 133
176 169 174
176 156 172
177 1 133
177 140 181
177 168 172
177 162 171
178 1 133
178 169 179
178 156 173
179 1 133
179 169 180
179 156 173
180 1 133
180 169 178
180 156 173
181 1 133
181 169 182
181 156 177
182 1 133
182 169 183
182 156 177
183 1 133
183 169 181
183 156 177
184 1 79
184 133 185
185 1 79
185 168 186
185 140 187
185 162 184
186 1 79
186 168 190
186 140 191
186 162 184
187 1 79
187 169 188
187 156 185
188 1 79
188 169 189
188 156 185
189 1 79
189 169 187
189 156 185
190 1 79
190 140 194
190 168 185
190 162 184
191 1 79
191 169 192
191 156 186
192 1 79
192 169 193
192 156 186
193 1 79
193 169 191
193 156 186
194 1 79
194 169 195
194 156 190
195 1 79
195 169 196
195 156 190
196 1 79
196 169 194
196 156 190
197 1 79
198 1 25
198 133 199
199 1 25
199 168 200
199 140 201
199 162 198
200 1 25
200 168 204
200 140 205
200 162 198
201 1 25
201 169 202
201 156 199
202 1 25
202 169 203
202 156 199
203 1 25
203 169 201
203 156 199
204 1 25
204 140 208
204 168 199
204 162 198
205 1 25
205 169 206
205 156 200
206 1 25
206 169 207
206 156 200
207 1 25
207 169 205
207 156 200
208 1 25
208 169 209
208 156 204
209 1 25
209 169 210
209 156 204
210 1 25
210 169 208
210 156 204
211 1 25
212 1 22
212 133 213
213 1 22
213 168 214
213 140 215
213 162 212
214 1 22
214 168 218
214 140 219
214 162 212
215 1 22
215 169 216
215 156 213
216 1 22
216 169 217
216 156 213
217 1 22
217 169 215
217 156 213
218 1 22
218 140 222
218 168 213
218 162 212
219 1 22
219 169 220
219 156 214
220 1 22
220 169 221
220 156 214
221 1 22
221 169 219
221 156 214
222 1 22
222 169 223
222 156 218
223 1 22
223 169 224
223 156 218
224 1 22
224 169 222
224 156 218
225 1 22
226 1 12
226 133 227
227 1 12
227 168 228
227 140 229
227 162 226
228 1 12
228 168 232
228 140 233
228 162 226
229 1 12
229 169 230
229 156 227
230 1 12
230 169 231
230 156 227
231 1 12
231 169 229
231 156 227
232 1 12
232 140 236
232 168 227
232 162 226
233 1 12
233 169 234
233 156 228
234 1 12
234 169 235
234 156 228
235 1 12
235 169 233
235 156 228
236 1 12
236 169 237
236 156 232
237 1 12
237 169 238
237 156 232
238 1 12
238 169 236
238 156 232
239 1 12
