# Format: <source_state_id> <instruction_id> <target_state_id>
0 0 1
11 53 20
11 49 21
11 41 22
11 25 23
20 1 11
20 0 94
21 1 11
21 0 93
22 1 11
22 0 80
23 53 24
23 49 25
23 41 26
23 134 27
23 64 11
24 1 23
24 0 79
25 1 23
25 0 78
26 1 23
26 0 65
27 53 28
27 49 29
27 41 30
27 134 31
27 64 11
28 1 27
28 0 64
29 1 27
29 0 63
30 1 27
30 0 50
31 53 32
31 49 33
31 41 34
31 134 23
31 64 11
32 1 31
32 0 49
33 1 31
33 0 48
34 1 31
34 0 35
35 1 31
35 84 36
36 1 31
36 135 37
36 91 38
36 113 35
37 1 31
37 135 41
37 91 42
37 113 35
38 1 31
38 136 39
38 107 36
39 1 31
39 136 40
39 107 36
40 1 31
40 136 38
40 107 36
41 1 31
41 91 45
41 135 36
41 113 35
42 1 31
42 136 43
42 107 37
43 1 31
43 136 44
43 107 37
44 1 31
44 136 42
44 107 37
45 1 31
45 136 46
45 107 41
46 1 31
46 136 47
46 107 41
47 1 31
47 136 45
47 107 41
48 1 31
49 1 31
50 1 27
50 84 51
51 1 27
51 135 52
51 91 53
51 113 50
52 1 27
52 135 56
52 91 57
52 113 50
53 1 27
53 136 54
53 107 51
54 1 27
54 136 55
54 107 51
55 1 27
55 136 53
55 107 51
56 1 27
56 91 60
56 135 51
56 113 50
57 1 27
57 136 58
57 107 52
58 1 27
58 136 59
58 107 52
59 1 27
59 136 57
59 107 52
60 1 27
60 136 61
60 107 56
61 1 27
61 136 62
61 107 56
62 1 27
62 136 60
62 107 56
63 1 27
64 1 27
65 1 23
65 84 66
66 1 23
66 135 67
66 91 68
66 113 65
67 1 23
67 135 71
67 91 72
67 113 65
68 1 23
68 136 69
68 107 66
69 1 23
69 136 70
69 107 66
70 1 23
70 136 68
70 107 66
71 1 23
71 91 75
71 135 66
71 113 65
72 1 23
72 136 73
72 107 67
73 1 23
73 136 74
73 107 67
74 1 23
74 136 72
74 107 67
75 1 23
75 136 76
75 107 71
76 1 23
76 136 77
76 107 71
77 1 23
77 136 75
77 107 71
78 1 23
79 1 23
80 1 11
80 84 81
81 1 11
81 135 82
81 91 83
81 113 80
82 1 11
82 135 86
82 91 87
82 113 80
83 1 11
83 136 84
83 107 81
84 1 11
84 136 85
84 107 81
85 1 11
85 136 83
85 107 81
86 1 11
86 91 90
86 135 81
86 113 80
87 1 11
87 136 88
87 107 82
88 1 11
88 136 89
88 107 82
89 1 11
89 136 87
89 107 82
90 1 11
90 136 91
90 107 86
91 1 11
91 136 92
91 107 86
92 1 11
92 136 90
92 107 86
93 1 11
94 1 11
