# Format: <source_state_id> <instruction_id> <target_state_id>
0 0 1
9 37 20
9 24 21
20 1 9
20 0 66
21 37 22
21 114 23
21 62 9
22 1 21
22 0 53
23 37 24
23 114 25
23 62 9
24 1 23
24 0 40
25 37 26
25 114 21
25 62 9
26 1 25
26 0 27
27 1 25
27 82 28
28 1 25
28 115 29
28 89 30
28 111 27
29 1 25
29 115 33
29 89 34
29 111 27
30 116 31
30 1 25
30 105 28
31 116 32
31 1 25
31 105 28
32 116 30
32 1 25
32 105 28
33 1 25
33 89 37
33 115 28
33 111 27
34 116 35
34 1 25
34 105 29
35 116 36
35 1 25
35 105 29
36 116 34
36 1 25
36 105 29
37 116 38
37 1 25
37 105 33
38 116 39
38 1 25
38 105 33
39 116 37
39 1 25
39 105 33
40 1 23
40 82 41
41 1 23
41 115 42
41 89 43
41 111 40
42 1 23
42 115 46
42 89 47
42 111 40
43 116 44
43 1 23
43 105 41
44 116 45
44 1 23
44 105 41
45 116 43
45 1 23
45 105 41
46 1 23
46 89 50
46 115 41
46 111 40
47 116 48
47 1 23
47 105 42
48 116 49
48 1 23
48 105 42
49 116 47
49 1 23
49 105 42
50 116 51
50 1 23
50 105 46
51 116 52
51 1 23
51 105 46
52 116 50
52 1 23
52 105 46
53 1 21
53 82 54
54 1 21
54 115 55
54 89 56
54 111 53
55 1 21
55 115 59
55 89 60
55 111 53
56 116 57
56 1 21
56 105 54
57 116 58
57 1 21
57 105 54
58 116 56
58 1 21
58 105 54
59 1 21
59 89 63
59 115 54
59 111 53
60 116 61
60 1 21
60 105 55
61 116 62
61 1 21
61 105 55
62 116 60
62 1 21
62 105 55
63 116 64
63 1 21
63 105 59
64 116 65
64 1 21
64 105 59
65 116 63
65 1 21
65 105 59
66 1 9
66 82 67
67 1 9
67 115 68
67 89 69
67 111 66
68 1 9
68 115 72
68 89 73
68 111 66
69 116 70
69 1 9
69 105 67
70 116 71
70 1 9
70 105 67
71 116 69
71 1 9
71 105 67
72 1 9
72 89 76
72 115 67
72 111 66
73 116 74
73 1 9
73 105 68
74 116 75
74 1 9
74 105 68
75 116 73
75 1 9
75 105 68
76 116 77
76 1 9
76 105 72
77 116 78
77 1 9
77 105 72
78 116 76
78 1 9
78 105 72
