# Format: <source_state_id> <instruction_id> <target_state_id>
0 0 1
12 43 20
12 26 21
12 22 22
20 1 12
20 0 74
21 1 12
21 0 73
22 43 23
22 26 24
22 124 25
22 77 12
23 1 22
23 0 60
24 1 22
24 0 59
25 43 26
25 26 27
25 124 28
25 77 12
26 1 25
26 0 46
27 1 25
27 0 45
28 43 29
28 26 30
28 124 22
28 77 12
29 1 28
29 0 32
30 1 28
30 0 31
31 1 28
32 1 28
32 93 33
33 1 28
33 125 34
33 100 35
33 122 32
34 1 28
34 125 38
34 100 39
34 122 32
35 1 28
35 126 36
35 116 33
36 1 28
36 126 37
36 116 33
37 1 28
37 126 35
37 116 33
38 1 28
38 100 42
38 125 33
38 122 32
39 1 28
39 126 40
39 116 34
40 1 28
40 126 41
40 116 34
41 1 28
41 126 39
41 116 34
42 1 28
42 126 43
42 116 38
43 1 28
43 126 44
43 116 38
44 1 28
44 126 42
44 116 38
45 1 25
46 1 25
46 93 47
47 1 25
47 125 48
47 100 49
47 122 46
48 1 25
48 125 52
48 100 53
48 122 46
49 1 25
49 126 50
49 116 47
50 1 25
50 126 51
50 116 47
51 1 25
51 126 49
51 116 47
52 1 25
52 100 56
52 125 47
52 122 46
53 1 25
53 126 54
53 116 48
54 1 25
54 126 55
54 116 48
55 1 25
55 126 53
55 116 48
56 1 25
56 126 57
56 116 52
57 1 25
57 126 58
57 116 52
58 1 25
58 126 56
58 116 52
59 1 22
60 1 22
60 93 61
61 1 22
61 125 62
61 100 63
61 122 60
62 1 22
62 125 66
62 100 67
62 122 60
63 1 22
63 126 64
63 116 61
64 1 22
64 126 65
64 116 61
65 1 22
65 126 63
65 116 61
66 1 22
66 100 70
66 125 61
66 122 60
67 1 22
67 126 68
67 116 62
68 1 22
68 126 69
68 116 62
69 1 22
69 126 67
69 116 62
70 1 22
70 126 71
70 116 66
71 1 22
71 126 72
71 116 66
72 1 22
72 126 70
72 116 66
73 1 12
74 1 12
74 93 75
75 1 12
75 125 76
75 100 77
75 122 74
76 1 12
76 125 80
76 100 81
76 122 74
77 1 12
77 126 78
77 116 75
78 1 12
78 126 79
78 116 75
79 1 12
79 126 77
79 116 75
80 1 12
80 100 84
80 125 75
80 122 74
81 1 12
81 126 82
81 116 76
82 1 12
82 126 83
82 116 76
83 1 12
83 126 81
83 116 76
84 1 12
84 126 85
84 116 80
85 1 12
85 126 86
85 116 80
86 1 12
86 126 84
86 116 80
