# Format: <source_state_id> <instruction_id> <target_state_id>
0 0 1
9 26 20
9 24 21
9 19 22
20 1 9
20 0 46
21 1 9
21 0 43
22 26 23
22 24 24
22 60 25
22 33 9
23 1 22
23 0 42
24 1 22
24 0 39
25 26 26
25 24 27
25 60 28
25 33 9
26 1 25
26 0 38
27 1 25
27 0 35
28 26 29
28 24 30
28 60 22
28 33 9
29 1 28
29 0 34
30 1 28
30 0 31
31 1 28
31 42 32
32 1 31
32 0 33
33 1 31
34 1 28
35 1 25
35 42 36
36 1 35
36 0 37
37 1 35
38 1 25
39 1 22
39 42 40
40 1 39
40 0 41
41 1 39
42 1 22
43 1 9
43 42 44
44 1 43
44 0 45
45 1 43
46 1 9
