# Format: <source_state_id> <instruction_id> <target_state_id>
0 0 1
14 49 22
14 33 23
14 31 24
14 25 25
14 21 26
22 1 14
22 0 104
23 1 14
23 0 103
24 1 14
24 0 90
25 1 14
25 0 89
26 49 27
26 33 28
26 25 29
26 31 30
26 135 31
26 57 14
27 1 26
27 0 88
28 1 26
28 0 87
29 1 26
29 0 86
30 1 26
30 0 73
31 49 32
31 33 33
31 25 34
31 31 35
31 135 36
31 57 14
32 1 31
32 0 72
33 1 31
33 0 71
34 1 31
34 0 70
35 1 31
35 0 57
36 49 37
36 33 38
36 25 39
36 31 40
36 135 26
36 57 14
37 1 36
37 0 56
38 1 36
38 0 55
39 1 36
39 0 54
40 1 36
40 0 41
41 1 36
41 73 42
42 1 36
42 136 43
42 80 44
42 102 41
43 1 36
43 136 47
43 80 48
43 102 41
44 1 36
44 137 45
44 96 42
45 1 36
45 137 46
45 96 42
46 1 36
46 137 44
46 96 42
47 1 36
47 80 51
47 136 42
47 102 41
48 1 36
48 137 49
48 96 43
49 1 36
49 137 50
49 96 43
50 1 36
50 137 48
50 96 43
51 1 36
51 137 52
51 96 47
52 1 36
52 137 53
52 96 47
53 1 36
53 137 51
53 96 47
54 1 36
55 1 36
56 1 36
57 1 31
57 73 58
58 1 31
58 136 59
58 80 60
58 102 57
59 1 31
59 136 63
59 80 64
59 102 57
60 1 31
60 137 61
60 96 58
61 1 31
61 137 62
61 96 58
62 1 31
62 137 60
62 96 58
63 1 31
63 80 67
63 136 58
63 102 57
64 1 31
64 137 65
64 96 59
65 1 31
65 137 66
65 96 59
66 1 31
66 137 64
66 96 59
67 1 31
67 137 68
67 96 63
68 1 31
68 137 69
68 96 63
69 1 31
69 137 67
69 96 63
70 1 31
71 1 31
72 1 31
73 1 26
73 73 74
74 1 26
74 136 75
74 80 76
74 102 73
75 1 26
75 136 79
75 80 80
75 102 73
76 1 26
76 137 77
76 96 74
77 1 26
77 137 78
77 96 74
78 1 26
78 137 76
78 96 74
79 1 26
79 80 83
79 136 74
79 102 73
80 1 26
80 137 81
80 96 75
81 1 26
81 137 82
81 96 75
82 1 26
82 137 80
82 96 75
83 1 26
83 137 84
83 96 79
84 1 26
84 137 85
84 96 79
85 1 26
85 137 83
85 96 79
86 1 26
87 1 26
88 1 26
89 1 14
90 1 14
90 73 91
91 1 14
91 136 92
91 80 93
91 102 90
92 1 14
92 136 96
92 80 97
92 102 90
93 1 14
93 137 94
93 96 91
94 1 14
94 137 95
94 96 91
95 1 14
95 137 93
95 96 91
96 1 14
96 80 100
96 136 91
96 102 90
97 1 14
97 137 98
97 96 92
98 1 14
98 137 99
98 96 92
99 1 14
99 137 97
99 96 92
100 1 14
100 137 101
100 96 96
101 1 14
101 137 102
101 96 96
102 1 14
102 137 100
102 96 96
103 1 14
104 1 14
