# Format: <source_state_id> <instruction_id> <target_state_id>
0 0 1
14 58 20
14 43 21
14 41 22
14 36 23
14 52 24
14 26 25
14 22 26
20 1 14
20 0 118
21 1 14
21 0 105
22 1 14
22 0 104
23 1 14
23 0 103
24 1 14
24 0 102
25 1 14
25 0 101
26 58 27
26 41 28
26 36 29
26 52 30
26 26 31
26 154 33
26 43 32
26 69 14
27 1 26
27 0 100
28 1 26
28 0 99
29 1 26
29 0 98
30 1 26
30 0 97
31 1 26
31 0 96
32 1 26
32 0 83
33 58 34
33 41 35
33 36 36
33 52 37
33 26 38
33 154 40
33 43 39
33 69 14
34 1 33
34 0 82
35 1 33
35 0 81
36 1 33
36 0 80
37 1 33
37 0 79
38 1 33
38 0 78
39 1 33
39 0 65
40 58 41
40 41 42
40 36 43
40 52 44
40 26 45
40 154 26
40 43 46
40 69 14
41 1 40
41 0 64
42 1 40
42 0 63
43 1 40
43 0 62
44 1 40
44 0 61
45 1 40
45 0 60
46 1 40
46 0 47
47 1 40
47 101 48
48 1 40
48 155 49
48 108 50
48 130 47
49 1 40
49 155 53
49 108 54
49 130 47
50 1 40
50 156 51
50 124 48
51 1 40
51 156 52
51 124 48
52 1 40
52 156 50
52 124 48
53 1 40
53 108 57
53 155 48
53 130 47
54 1 40
54 156 55
54 124 49
55 1 40
55 156 56
55 124 49
56 1 40
56 156 54
56 124 49
57 1 40
57 156 58
57 124 53
58 1 40
58 156 59
58 124 53
59 1 40
59 156 57
59 124 53
60 1 40
61 1 40
62 1 40
63 1 40
64 1 40
65 1 33
65 101 66
66 1 33
66 155 67
66 108 68
66 130 65
67 1 33
67 155 71
67 108 72
67 130 65
68 1 33
68 156 69
68 124 66
69 1 33
69 156 70
69 124 66
70 1 33
70 156 68
70 124 66
71 1 33
71 108 75
71 155 66
71 130 65
72 1 33
72 156 73
72 124 67
73 1 33
73 156 74
73 124 67
74 1 33
74 156 72
74 124 67
75 1 33
75 156 76
75 124 71
76 1 33
76 156 77
76 124 71
77 1 33
77 156 75
77 124 71
78 1 33
79 1 33
80 1 33
81 1 33
82 1 33
83 1 26
83 101 84
84 1 26
84 155 85
84 108 86
84 130 83
85 1 26
85 155 89
85 108 90
85 130 83
86 1 26
86 156 87
86 124 84
87 1 26
87 156 88
87 124 84
88 1 26
88 156 86
88 124 84
89 1 26
89 108 93
89 155 84
89 130 83
90 1 26
90 156 91
90 124 85
91 1 26
91 156 92
91 124 85
92 1 26
92 156 90
92 124 85
93 1 26
93 156 94
93 124 89
94 1 26
94 156 95
94 124 89
95 1 26
95 156 93
95 124 89
96 1 26
97 1 26
98 1 26
99 1 26
100 1 26
101 1 14
102 1 14
103 1 14
104 1 14
105 1 14
105 101 106
106 1 14
106 155 107
106 108 108
106 130 105
107 1 14
107 155 111
107 108 112
107 130 105
108 1 14
108 156 109
108 124 106
109 1 14
109 156 110
109 124 106
110 1 14
110 156 108
110 124 106
111 1 14
111 108 115
111 155 106
111 130 105
112 1 14
112 156 113
112 124 107
113 1 14
113 156 114
113 124 107
114 1 14
114 156 112
114 124 107
115 1 14
115 156 116
115 124 111
116 1 14
116 156 117
116 124 111
117 1 14
117 156 115
117 124 111
118 1 14
