# Format: <source_state_id> <instruction_id> <target_state_id>
0 0 1
9 28 20
9 15 21
20 1 9
20 0 66
21 28 22
21 86 23
21 39 9
22 1 21
22 0 53
23 28 24
23 86 25
23 39 9
24 1 23
24 0 40
25 28 26
25 86 21
25 39 9
26 1 25
26 0 27
27 1 25
27 55 28
28 1 25
28 87 29
28 62 30
28 84 27
29 1 25
29 87 33
29 62 34
29 84 27
30 1 25
30 88 31
30 78 28
31 1 25
31 88 32
31 78 28
32 1 25
32 88 30
32 78 28
33 1 25
33 62 37
33 87 28
33 84 27
34 1 25
34 88 35
34 78 29
35 1 25
35 88 36
35 78 29
36 1 25
36 88 34
36 78 29
37 1 25
37 88 38
37 78 33
38 1 25
38 88 39
38 78 33
39 1 25
39 88 37
39 78 33
40 1 23
40 55 41
41 1 23
41 87 42
41 62 43
41 84 40
42 1 23
42 87 46
42 62 47
42 84 40
43 1 23
43 88 44
43 78 41
44 1 23
44 88 45
44 78 41
45 1 23
45 88 43
45 78 41
46 1 23
46 62 50
46 87 41
46 84 40
47 1 23
47 88 48
47 78 42
48 1 23
48 88 49
48 78 42
49 1 23
49 88 47
49 78 42
50 1 23
50 88 51
50 78 46
51 1 23
51 88 52
51 78 46
52 1 23
52 88 50
52 78 46
53 1 21
53 55 54
54 1 21
54 87 55
54 62 56
54 84 53
55 1 21
55 87 59
55 62 60
55 84 53
56 1 21
56 88 57
56 78 54
57 1 21
57 88 58
57 78 54
58 1 21
58 88 56
58 78 54
59 1 21
59 62 63
59 87 54
59 84 53
60 1 21
60 88 61
60 78 55
61 1 21
61 88 62
61 78 55
62 1 21
62 88 60
62 78 55
63 1 21
63 88 64
63 78 59
64 1 21
64 88 65
64 78 59
65 1 21
65 88 63
65 78 59
66 1 9
66 55 67
67 1 9
67 87 68
67 62 69
67 84 66
68 1 9
68 87 72
68 62 73
68 84 66
69 1 9
69 88 70
69 78 67
70 1 9
70 88 71
70 78 67
71 1 9
71 88 69
71 78 67
72 1 9
72 62 76
72 87 67
72 84 66
73 1 9
73 88 74
73 78 68
74 1 9
74 88 75
74 78 68
75 1 9
75 88 73
75 78 68
76 1 9
76 88 77
76 78 72
77 1 9
77 88 78
77 78 72
78 1 9
78 88 76
78 78 72
