# Format: <source_state_id> <instruction_id> <target_state_id>
0 0 1
10 40 20
10 35 21
10 33 22
10 25 23
10 21 24
20 1 10
20 0 62
21 1 10
21 0 59
22 1 10
22 0 58
23 1 10
23 0 57
24 40 25
24 33 26
24 25 27
24 35 28
24 74 29
24 47 10
25 1 24
25 0 56
26 1 24
26 0 55
27 1 24
27 0 54
28 1 24
28 0 51
29 40 30
29 33 31
29 25 32
29 35 33
29 74 34
29 47 10
30 1 29
30 0 50
31 1 29
31 0 49
32 1 29
32 0 48
33 1 29
33 0 45
34 40 35
34 33 36
34 25 37
34 35 38
34 74 24
34 47 10
35 1 34
35 0 44
36 1 34
36 0 43
37 1 34
37 0 42
38 1 34
38 0 39
39 1 34
39 64 40
40 1 39
40 0 41
41 1 39
42 1 34
43 1 34
44 1 34
45 1 29
45 64 46
46 1 45
46 0 47
47 1 45
48 1 29
49 1 29
50 1 29
51 1 24
51 64 52
52 1 51
52 0 53
53 1 51
54 1 24
55 1 24
56 1 24
57 1 10
58 1 10
59 1 10
59 64 60
60 1 59
60 0 61
61 1 59
62 1 10
