# Format: <source_state_id> <instruction_id> <target_state_id>
0 0 1
10 36 20
10 34 21
10 32 22
10 24 23
20 1 10
20 0 82
21 1 10
21 0 81
22 1 10
22 0 80
23 34 24
23 32 25
23 135 27
23 36 26
23 62 10
24 1 23
24 0 79
25 1 23
25 0 78
26 1 23
26 0 65
27 34 28
27 32 29
27 135 31
27 36 30
27 62 10
28 1 27
28 0 64
29 1 27
29 0 63
30 1 27
30 0 50
31 34 32
31 32 33
31 135 23
31 36 34
31 62 10
32 1 31
32 0 49
33 1 31
33 0 48
34 1 31
34 0 35
35 1 31
35 104 36
36 1 31
36 136 37
36 111 38
36 133 35
37 1 31
37 136 41
37 111 42
37 133 35
38 1 31
38 137 39
38 127 36
39 1 31
39 137 40
39 127 36
40 1 31
40 137 38
40 127 36
41 1 31
41 111 45
41 136 36
41 133 35
42 1 31
42 137 43
42 127 37
43 1 31
43 137 44
43 127 37
44 1 31
44 137 42
44 127 37
45 1 31
45 137 46
45 127 41
46 1 31
46 137 47
46 127 41
47 1 31
47 137 45
47 127 41
48 1 31
49 1 31
50 1 27
50 104 51
51 1 27
51 136 52
51 111 53
51 133 50
52 1 27
52 136 56
52 111 57
52 133 50
53 1 27
53 137 54
53 127 51
54 1 27
54 137 55
54 127 51
55 1 27
55 137 53
55 127 51
56 1 27
56 111 60
56 136 51
56 133 50
57 1 27
57 137 58
57 127 52
58 1 27
58 137 59
58 127 52
59 1 27
59 137 57
59 127 52
60 1 27
60 137 61
60 127 56
61 1 27
61 137 62
61 127 56
62 1 27
62 137 60
62 127 56
63 1 27
64 1 27
65 1 23
65 104 66
66 1 23
66 136 67
66 111 68
66 133 65
67 1 23
67 136 71
67 111 72
67 133 65
68 1 23
68 137 69
68 127 66
69 1 23
69 137 70
69 127 66
70 1 23
70 137 68
70 127 66
71 1 23
71 111 75
71 136 66
71 133 65
72 1 23
72 137 73
72 127 67
73 1 23
73 137 74
73 127 67
74 1 23
74 137 72
74 127 67
75 1 23
75 137 76
75 127 71
76 1 23
76 137 77
76 127 71
77 1 23
77 137 75
77 127 71
78 1 23
79 1 23
80 1 10
81 1 10
82 1 10
82 104 83
83 1 10
83 136 84
83 111 85
83 133 82
84 1 10
84 136 88
84 111 89
84 133 82
85 1 10
85 137 86
85 127 83
86 1 10
86 137 87
86 127 83
87 1 10
87 137 85
87 127 83
88 1 10
88 111 92
88 136 83
88 133 82
89 1 10
89 137 90
89 127 84
90 1 10
90 137 91
90 127 84
91 1 10
91 137 89
91 127 84
92 1 10
92 137 93
92 127 88
93 1 10
93 137 94
93 127 88
94 1 10
94 137 92
94 127 88
