# Format: <source_state_id> <instruction_id> <target_state_id>
0 0 1
13 46 20
13 44 21
13 39 22
13 29 23
13 51 24
13 25 25
20 1 13
20 0 98
21 1 13
21 0 97
22 1 13
22 0 96
23 1 13
23 0 95
24 1 13
24 0 94
25 51 26
25 44 27
25 39 28
25 29 29
25 46 30
25 137 31
25 61 13
26 1 25
26 0 93
27 1 25
27 0 92
28 1 25
28 0 91
29 1 25
29 0 90
30 1 25
30 0 77
31 51 32
31 44 33
31 39 34
31 29 35
31 46 36
31 137 37
31 61 13
32 1 31
32 0 76
33 1 31
33 0 75
34 1 31
34 0 74
35 1 31
35 0 73
36 1 31
36 0 60
37 51 38
37 44 39
37 39 40
37 29 41
37 46 42
37 137 25
37 61 13
38 1 37
38 0 59
39 1 37
39 0 58
40 1 37
40 0 57
41 1 37
41 0 56
42 1 37
42 0 43
43 1 37
43 97 44
44 1 37
44 138 45
44 104 46
44 126 43
45 1 37
45 138 49
45 104 50
45 126 43
46 1 37
46 139 47
46 120 44
47 1 37
47 139 48
47 120 44
48 1 37
48 139 46
48 120 44
49 1 37
49 104 53
49 138 44
49 126 43
50 1 37
50 139 51
50 120 45
51 1 37
51 139 52
51 120 45
52 1 37
52 139 50
52 120 45
53 1 37
53 139 54
53 120 49
54 1 37
54 139 55
54 120 49
55 1 37
55 139 53
55 120 49
56 1 37
57 1 37
58 1 37
59 1 37
60 1 31
60 97 61
61 1 31
61 138 62
61 104 63
61 126 60
62 1 31
62 138 66
62 104 67
62 126 60
63 1 31
63 139 64
63 120 61
64 1 31
64 139 65
64 120 61
65 1 31
65 139 63
65 120 61
66 1 31
66 104 70
66 138 61
66 126 60
67 1 31
67 139 68
67 120 62
68 1 31
68 139 69
68 120 62
69 1 31
69 139 67
69 120 62
70 1 31
70 139 71
70 120 66
71 1 31
71 139 72
71 120 66
72 1 31
72 139 70
72 120 66
73 1 31
74 1 31
75 1 31
76 1 31
77 1 25
77 97 78
78 1 25
78 138 79
78 104 80
78 126 77
79 1 25
79 138 83
79 104 84
79 126 77
80 1 25
80 139 81
80 120 78
81 1 25
81 139 82
81 120 78
82 1 25
82 139 80
82 120 78
83 1 25
83 104 87
83 138 78
83 126 77
84 1 25
84 139 85
84 120 79
85 1 25
85 139 86
85 120 79
86 1 25
86 139 84
86 120 79
87 1 25
87 139 88
87 120 83
88 1 25
88 139 89
88 120 83
89 1 25
89 139 87
89 120 83
90 1 25
91 1 25
92 1 25
93 1 25
94 1 13
95 1 13
96 1 13
97 1 13
98 1 13
98 97 99
99 1 13
99 138 100
99 104 101
99 126 98
100 1 13
100 138 104
100 104 105
100 126 98
101 1 13
101 139 102
101 120 99
102 1 13
102 139 103
102 120 99
103 1 13
103 139 101
103 120 99
104 1 13
104 104 108
104 138 99
104 126 98
105 1 13
105 139 106
105 120 100
106 1 13
106 139 107
106 120 100
107 1 13
107 139 105
107 120 100
108 1 13
108 139 109
108 120 104
109 1 13
109 139 110
109 120 104
110 1 13
110 139 108
110 120 104
