# Format: <source_state_id> <instruction_id> <target_state_id>
0 0 1
9 32 20
9 21 21
20 1 9
20 0 66
21 32 22
21 105 23
21 53 9
22 1 21
22 0 53
23 32 24
23 105 25
23 53 9
24 1 23
24 0 40
25 32 26
25 105 21
25 53 9
26 1 25
26 0 27
27 1 25
27 73 28
28 1 25
28 106 29
28 80 30
28 102 27
29 1 25
29 106 33
29 80 34
29 102 27
30 1 25
30 107 31
30 96 28
31 1 25
31 107 32
31 96 28
32 1 25
32 107 30
32 96 28
33 1 25
33 80 37
33 106 28
33 102 27
34 1 25
34 107 35
34 96 29
35 1 25
35 107 36
35 96 29
36 1 25
36 107 34
36 96 29
37 1 25
37 107 38
37 96 33
38 1 25
38 107 39
38 96 33
39 1 25
39 107 37
39 96 33
40 1 23
40 73 41
41 1 23
41 106 42
41 80 43
41 102 40
42 1 23
42 106 46
42 80 47
42 102 40
43 1 23
43 107 44
43 96 41
44 1 23
44 107 45
44 96 41
45 1 23
45 107 43
45 96 41
46 1 23
46 80 50
46 106 41
46 102 40
47 1 23
47 107 48
47 96 42
48 1 23
48 107 49
48 96 42
49 1 23
49 107 47
49 96 42
50 1 23
50 107 51
50 96 46
51 1 23
51 107 52
51 96 46
52 1 23
52 107 50
52 96 46
53 1 21
53 73 54
54 1 21
54 106 55
54 80 56
54 102 53
55 1 21
55 106 59
55 80 60
55 102 53
56 1 21
56 107 57
56 96 54
57 1 21
57 107 58
57 96 54
58 1 21
58 107 56
58 96 54
59 1 21
59 80 63
59 106 54
59 102 53
60 1 21
60 107 61
60 96 55
61 1 21
61 107 62
61 96 55
62 1 21
62 107 60
62 96 55
63 1 21
63 107 64
63 96 59
64 1 21
64 107 65
64 96 59
65 1 21
65 107 63
65 96 59
66 1 9
66 73 67
67 1 9
67 106 68
67 80 69
67 102 66
68 1 9
68 106 72
68 80 73
68 102 66
69 1 9
69 107 70
69 96 67
70 1 9
70 107 71
70 96 67
71 1 9
71 107 69
71 96 67
72 1 9
72 80 76
72 106 67
72 102 66
73 1 9
73 107 74
73 96 68
74 1 9
74 107 75
74 96 68
75 1 9
75 107 73
75 96 68
76 1 9
76 107 77
76 96 72
77 1 9
77 107 78
77 96 72
78 1 9
78 107 76
78 96 72
