# Format: <source_state_id> <instruction_id> <target_state_id>
0 0 1
8 49 20
8 45 21
8 35 22
8 31 23
20 1 8
20 0 54
21 1 8
21 0 51
22 1 8
22 0 50
23 45 24
23 35 25
23 49 26
23 88 27
23 56 8
24 1 23
24 0 47
25 1 23
25 0 46
26 1 23
26 0 45
27 45 28
27 35 29
27 49 30
27 88 31
27 56 8
28 1 27
28 0 42
29 1 27
29 0 41
30 1 27
30 0 40
31 45 32
31 35 33
31 49 34
31 88 23
31 56 8
32 1 31
32 0 37
33 1 31
33 0 36
34 1 31
34 0 35
35 1 31
36 1 31
37 1 31
37 65 38
38 1 37
38 0 39
39 1 37
40 1 27
41 1 27
42 1 27
42 65 43
43 1 42
43 0 44
44 1 42
45 1 23
46 1 23
47 1 23
47 65 48
48 1 47
48 0 49
49 1 47
50 1 8
51 1 8
51 65 52
52 1 51
52 0 53
53 1 51
54 1 8
