# Format: <source_state_id> <instruction_id> <target_state_id>
0 0 1
13 52 20
13 46 21
13 43 22
13 42 23
13 28 24
13 24 25
20 1 13
20 0 114
21 1 13
21 0 113
22 1 13
22 0 100
23 1 13
23 0 98
24 1 13
24 0 97
25 52 26
25 46 27
25 43 28
25 42 29
25 28 30
25 155 31
25 60 13
26 1 25
26 0 96
27 1 25
27 0 95
28 1 25
28 0 82
29 1 25
29 0 80
30 1 25
30 0 79
31 52 32
31 46 33
31 43 34
31 42 35
31 28 36
31 155 37
31 60 13
32 1 31
32 0 78
33 1 31
33 0 77
34 1 31
34 0 64
35 1 31
35 0 62
36 1 31
36 0 61
37 52 38
37 46 39
37 43 40
37 42 41
37 28 42
37 155 25
37 60 13
38 1 37
38 0 60
39 1 37
39 0 59
40 1 37
40 0 46
41 1 37
41 0 44
42 1 37
42 0 43
43 1 37
44 1 37
44 95 45
45 1 44
45 0 44
46 1 37
46 115 47
47 156 48
47 122 49
47 1 37
47 144 46
48 156 52
48 122 53
48 1 37
48 144 46
49 1 37
49 157 50
49 138 47
50 1 37
50 157 51
50 138 47
51 1 37
51 157 49
51 138 47
52 122 56
52 156 47
52 1 37
52 144 46
53 1 37
53 157 54
53 138 48
54 1 37
54 157 55
54 138 48
55 1 37
55 157 53
55 138 48
56 1 37
56 157 57
56 138 52
57 1 37
57 157 58
57 138 52
58 1 37
58 157 56
58 138 52
59 1 37
60 1 37
61 1 31
62 1 31
62 95 63
63 1 62
63 0 62
64 1 31
64 115 65
65 156 66
65 122 67
65 1 31
65 144 64
66 156 70
66 122 71
66 1 31
66 144 64
67 1 31
67 157 68
67 138 65
68 1 31
68 157 69
68 138 65
69 1 31
69 157 67
69 138 65
70 122 74
70 156 65
70 1 31
70 144 64
71 1 31
71 157 72
71 138 66
72 1 31
72 157 73
72 138 66
73 1 31
73 157 71
73 138 66
74 1 31
74 157 75
74 138 70
75 1 31
75 157 76
75 138 70
76 1 31
76 157 74
76 138 70
77 1 31
78 1 31
79 1 25
80 1 25
80 95 81
81 1 80
81 0 80
82 1 25
82 115 83
83 156 84
83 122 85
83 1 25
83 144 82
84 156 88
84 122 89
84 1 25
84 144 82
85 1 25
85 157 86
85 138 83
86 1 25
86 157 87
86 138 83
87 1 25
87 157 85
87 138 83
88 122 92
88 156 83
88 1 25
88 144 82
89 1 25
89 157 90
89 138 84
90 1 25
90 157 91
90 138 84
91 1 25
91 157 89
91 138 84
92 1 25
92 157 93
92 138 88
93 1 25
93 157 94
93 138 88
94 1 25
94 157 92
94 138 88
95 1 25
96 1 25
97 1 13
98 1 13
98 95 99
99 1 98
99 0 98
100 1 13
100 115 101
101 156 102
101 122 103
101 1 13
101 144 100
102 156 106
102 122 107
102 1 13
102 144 100
103 1 13
103 157 104
103 138 101
104 1 13
104 157 105
104 138 101
105 1 13
105 157 103
105 138 101
106 122 110
106 156 101
106 1 13
106 144 100
107 1 13
107 157 108
107 138 102
108 1 13
108 157 109
108 138 102
109 1 13
109 157 107
109 138 102
110 1 13
110 157 111
110 138 106
111 1 13
111 157 112
111 138 106
112 1 13
112 157 110
112 138 106
113 1 13
114 1 13
