# Format: <source_state_id> <instruction_id> <target_state_id>
0 0 1
9 34 20
9 30 21
20 1 9
20 0 66
21 34 22
21 119 23
21 67 9
22 1 21
22 0 53
23 34 24
23 119 25
23 67 9
24 1 23
24 0 40
25 34 26
25 119 21
25 67 9
26 1 25
26 0 27
27 1 25
27 87 28
28 1 25
28 120 29
28 94 30
28 116 27
29 1 25
29 120 33
29 94 34
29 116 27
30 1 25
30 121 31
30 110 28
31 1 25
31 121 32
31 110 28
32 1 25
32 121 30
32 110 28
33 1 25
33 94 37
33 120 28
33 116 27
34 1 25
34 121 35
34 110 29
35 1 25
35 121 36
35 110 29
36 1 25
36 121 34
36 110 29
37 1 25
37 121 38
37 110 33
38 1 25
38 121 39
38 110 33
39 1 25
39 121 37
39 110 33
40 1 23
40 87 41
41 1 23
41 120 42
41 94 43
41 116 40
42 1 23
42 120 46
42 94 47
42 116 40
43 1 23
43 121 44
43 110 41
44 1 23
44 121 45
44 110 41
45 1 23
45 121 43
45 110 41
46 1 23
46 94 50
46 120 41
46 116 40
47 1 23
47 121 48
47 110 42
48 1 23
48 121 49
48 110 42
49 1 23
49 121 47
49 110 42
50 1 23
50 121 51
50 110 46
51 1 23
51 121 52
51 110 46
52 1 23
52 121 50
52 110 46
53 1 21
53 87 54
54 1 21
54 120 55
54 94 56
54 116 53
55 1 21
55 120 59
55 94 60
55 116 53
56 1 21
56 121 57
56 110 54
57 1 21
57 121 58
57 110 54
58 1 21
58 121 56
58 110 54
59 1 21
59 94 63
59 120 54
59 116 53
60 1 21
60 121 61
60 110 55
61 1 21
61 121 62
61 110 55
62 1 21
62 121 60
62 110 55
63 1 21
63 121 64
63 110 59
64 1 21
64 121 65
64 110 59
65 1 21
65 121 63
65 110 59
66 1 9
66 87 67
67 1 9
67 120 68
67 94 69
67 116 66
68 1 9
68 120 72
68 94 73
68 116 66
69 1 9
69 121 70
69 110 67
70 1 9
70 121 71
70 110 67
71 1 9
71 121 69
71 110 67
72 1 9
72 94 76
72 120 67
72 116 66
73 1 9
73 121 74
73 110 68
74 1 9
74 121 75
74 110 68
75 1 9
75 121 73
75 110 68
76 1 9
76 121 77
76 110 72
77 1 9
77 121 78
77 110 72
78 1 9
78 121 76
78 110 72
