# Format: <source_state_id> <instruction_id> <target_state_id>
0 0 1
13 107 20
13 60 21
13 34 22
13 30 23
20 1 13
20 0 172
21 1 13
21 0 171
22 1 13
22 0 170
23 60 24
23 34 25
23 117 26
23 107 27
23 42 28
23 66 29
23 114 13
24 1 23
24 0 169
25 1 23
25 0 168
26 60 71
26 34 72
26 117 73
26 107 74
26 42 75
26 66 76
26 114 13
27 1 23
27 0 70
28 107 50
28 60 51
28 34 52
28 118 53
28 58 23
29 107 30
29 60 31
29 34 32
29 119 33
29 83 23
30 1 29
30 0 49
31 1 29
31 0 48
32 1 29
32 0 47
33 107 34
33 60 35
33 34 36
33 119 37
33 83 23
34 1 33
34 0 46
35 1 33
35 0 45
36 1 33
36 0 44
37 107 38
37 60 39
37 34 40
37 119 29
37 83 23
38 1 37
38 0 43
39 1 37
39 0 42
40 1 37
40 0 41
41 1 37
42 1 37
43 1 37
44 1 33
45 1 33
46 1 33
47 1 29
48 1 29
49 1 29
50 1 28
50 0 69
51 1 28
51 0 68
52 1 28
52 0 67
53 107 54
53 60 55
53 34 56
53 118 57
53 58 23
54 1 53
54 0 66
55 1 53
55 0 65
56 1 53
56 0 64
57 107 58
57 60 59
57 34 60
57 118 28
57 58 23
58 1 57
58 0 63
59 1 57
59 0 62
60 1 57
60 0 61
61 1 57
62 1 57
63 1 57
64 1 53
65 1 53
66 1 53
67 1 28
68 1 28
69 1 28
70 1 23
71 1 26
71 0 167
72 1 26
72 0 166
73 60 118
73 34 119
73 107 120
73 42 121
73 66 122
73 117 23
73 114 13
74 1 26
74 0 117
75 107 97
75 60 98
75 34 99
75 118 100
75 58 26
76 107 77
76 60 78
76 34 79
76 119 80
76 83 26
77 1 76
77 0 96
78 1 76
78 0 95
79 1 76
79 0 94
80 107 81
80 60 82
80 34 83
80 119 84
80 83 26
81 1 80
81 0 93
82 1 80
82 0 92
83 1 80
83 0 91
84 107 85
84 60 86
84 34 87
84 119 76
84 83 26
85 1 84
85 0 90
86 1 84
86 0 89
87 1 84
87 0 88
88 1 84
89 1 84
90 1 84
91 1 80
92 1 80
93 1 80
94 1 76
95 1 76
96 1 76
97 1 75
97 0 116
98 1 75
98 0 115
99 1 75
99 0 114
100 107 101
100 60 102
100 34 103
100 118 104
100 58 26
101 1 100
101 0 113
102 1 100
102 0 112
103 1 100
103 0 111
104 107 105
104 60 106
104 34 107
104 118 75
104 58 26
105 1 104
105 0 110
106 1 104
106 0 109
107 1 104
107 0 108
108 1 104
109 1 104
110 1 104
111 1 100
112 1 100
113 1 100
114 1 75
115 1 75
116 1 75
117 1 26
118 1 73
118 0 165
119 1 73
119 0 164
120 1 73
120 0 163
121 107 143
121 60 144
121 34 145
121 118 146
121 58 73
122 107 123
122 60 124
122 34 125
122 119 126
122 83 73
123 1 122
123 0 142
124 1 122
124 0 141
125 1 122
125 0 140
126 107 127
126 60 128
126 34 129
126 119 130
126 83 73
127 1 126
127 0 139
128 1 126
128 0 138
129 1 126
129 0 137
130 107 131
130 60 132
130 34 133
130 119 122
130 83 73
131 1 130
131 0 136
132 1 130
132 0 135
133 1 130
133 0 134
134 1 130
135 1 130
136 1 130
137 1 126
138 1 126
139 1 126
140 1 122
141 1 122
142 1 122
143 1 121
143 0 162
144 1 121
144 0 161
145 1 121
145 0 160
146 107 147
146 60 148
146 34 149
146 118 150
146 58 73
147 1 146
147 0 159
148 1 146
148 0 158
149 1 146
149 0 157
150 107 151
150 60 152
150 34 153
150 118 121
150 58 73
151 1 150
151 0 156
152 1 150
152 0 155
153 1 150
153 0 154
154 1 150
155 1 150
156 1 150
157 1 146
158 1 146
159 1 146
160 1 121
161 1 121
162 1 121
163 1 73
164 1 73
165 1 73
166 1 26
167 1 26
168 1 23
169 1 23
170 1 13
171 1 13
172 1 13
