# Format: <source_state_id> <instruction_id> <target_state_id>
0 0 1
12 156 146
14 178 140
14 177 141
15 68 33
15 57 34
15 69 35
15 56 36
15 41 37
15 39 38
15 38 39
15 33 40
23 141 27
23 140 28
27 1 23
27 0 32
28 1 23
28 0 29
29 1 23
29 111 30
30 1 29
30 0 31
31 1 29
32 1 23
33 1 15
33 0 137
34 1 15
34 0 134
35 1 15
35 0 131
36 1 15
36 0 128
37 1 15
37 0 127
38 1 15
38 0 124
39 1 15
39 0 121
40 68 41
40 57 42
40 69 43
40 56 44
40 41 45
40 39 46
40 38 47
40 180 48
40 71 15
41 1 40
41 0 118
42 1 40
42 0 115
43 1 40
43 0 112
44 1 40
44 0 109
45 1 40
45 0 108
46 1 40
46 0 105
47 1 40
47 0 102
48 68 49
48 57 50
48 69 51
48 56 52
48 41 53
48 39 54
48 38 55
48 180 56
48 71 15
49 1 48
49 0 99
50 1 48
50 0 96
51 1 48
51 0 93
52 1 48
52 0 90
53 1 48
53 0 89
54 1 48
54 0 86
55 1 48
55 0 83
56 68 57
56 57 58
56 69 59
56 56 60
56 41 61
56 39 62
56 38 63
56 180 40
56 71 15
57 1 56
57 0 80
58 1 56
58 0 77
59 1 56
59 0 74
60 1 56
60 0 71
61 1 56
61 0 70
62 1 56
62 0 67
63 1 56
63 0 64
64 1 56
64 85 65
65 1 64
65 0 66
66 1 64
67 1 56
67 94 68
68 1 67
68 0 69
69 1 67
70 1 56
71 1 56
71 103 72
72 1 71
72 0 73
73 1 71
74 1 56
74 111 75
75 1 74
75 0 76
76 1 74
77 1 56
77 111 78
78 1 77
78 0 79
79 1 77
80 1 56
80 103 81
81 1 80
81 0 82
82 1 80
83 1 48
83 85 84
84 1 83
84 0 85
85 1 83
86 1 48
86 94 87
87 1 86
87 0 88
88 1 86
89 1 48
90 1 48
90 103 91
91 1 90
91 0 92
92 1 90
93 1 48
93 111 94
94 1 93
94 0 95
95 1 93
96 1 48
96 111 97
97 1 96
97 0 98
98 1 96
99 1 48
99 103 100
100 1 99
100 0 101
101 1 99
102 1 40
102 85 103
103 1 102
103 0 104
104 1 102
105 1 40
105 94 106
106 1 105
106 0 107
107 1 105
108 1 40
109 1 40
109 103 110
110 1 109
110 0 111
111 1 109
112 1 40
112 111 113
113 1 112
113 0 114
114 1 112
115 1 40
115 111 116
116 1 115
116 0 117
117 1 115
118 1 40
118 103 119
119 1 118
119 0 120
120 1 118
121 1 15
121 85 122
122 1 121
122 0 123
123 1 121
124 1 15
124 94 125
125 1 124
125 0 126
126 1 124
127 1 15
128 1 15
128 103 129
129 1 128
129 0 130
130 1 128
131 1 15
131 111 132
132 1 131
132 0 133
133 1 131
134 1 15
134 111 135
135 1 134
135 0 136
136 1 134
137 1 15
137 103 138
138 1 137
138 0 139
139 1 137
140 1 14
140 0 145
141 1 14
141 0 142
142 1 14
142 103 143
143 1 142
143 0 144
144 1 142
145 1 14
146 1 12
146 0 147
147 1 12
