# Format: <source_state_id> <instruction_id> <target_state_id>
0 0 1
10 46 21
10 40 22
10 39 23
10 31 24
10 25 25
21 1 10
21 0 55
22 1 10
22 0 54
23 1 10
23 0 53
24 1 10
24 0 52
25 46 26
25 39 27
25 31 28
25 77 30
25 40 29
25 53 10
26 1 25
26 0 51
27 1 25
27 0 50
28 1 25
28 0 49
29 1 25
29 0 48
30 46 31
30 39 32
30 31 33
30 77 35
30 40 34
30 53 10
31 1 30
31 0 47
32 1 30
32 0 46
33 1 30
33 0 45
34 1 30
34 0 44
35 46 36
35 39 37
35 31 38
35 77 25
35 40 39
35 53 10
36 1 35
36 0 43
37 1 35
37 0 42
38 1 35
38 0 41
39 1 35
39 0 40
40 1 35
41 1 35
42 1 35
43 1 35
44 1 30
45 1 30
46 1 30
47 1 30
48 1 25
49 1 25
50 1 25
51 1 25
52 1 10
53 1 10
54 1 10
55 1 10
