# Format: <source_state_id> <instruction_id> <target_state_id>
0 0 1
11 42 20
11 40 21
11 31 22
11 25 23
11 47 24
11 21 25
20 1 11
20 0 62
21 1 11
21 0 61
22 1 11
22 0 60
23 1 11
23 0 59
24 1 11
24 0 58
25 42 26
25 40 27
25 31 28
25 25 29
25 47 30
25 73 31
25 54 11
26 1 25
26 0 57
27 1 25
27 0 56
28 1 25
28 0 55
29 1 25
29 0 54
30 1 25
30 0 53
31 42 32
31 40 33
31 31 34
31 25 35
31 47 36
31 73 37
31 54 11
32 1 31
32 0 52
33 1 31
33 0 51
34 1 31
34 0 50
35 1 31
35 0 49
36 1 31
36 0 48
37 42 38
37 40 39
37 31 40
37 25 41
37 47 42
37 73 25
37 54 11
38 1 37
38 0 47
39 1 37
39 0 46
40 1 37
40 0 45
41 1 37
41 0 44
42 1 37
42 0 43
43 1 37
44 1 37
45 1 37
46 1 37
47 1 37
48 1 31
49 1 31
50 1 31
51 1 31
52 1 31
53 1 25
54 1 25
55 1 25
56 1 25
57 1 25
58 1 11
59 1 11
60 1 11
61 1 11
62 1 11
