# Format: <source_state_id> <instruction_id> <target_state_id>
0 0 1
12 42 20
12 41 21
12 24 22
20 1 12
20 0 86
21 1 12
21 0 73
22 41 23
22 42 24
22 107 25
22 52 12
23 1 22
23 0 60
24 1 22
24 0 59
25 41 26
25 42 27
25 107 28
25 52 12
26 1 25
26 0 46
27 1 25
27 0 45
28 41 29
28 42 30
28 107 22
28 52 12
29 1 28
29 0 32
30 1 28
30 0 31
31 1 28
32 1 28
32 68 33
33 1 28
33 108 34
33 75 35
33 97 32
34 1 28
34 108 38
34 75 39
34 97 32
35 1 28
35 109 36
35 91 33
36 1 28
36 109 37
36 91 33
37 1 28
37 109 35
37 91 33
38 1 28
38 75 42
38 108 33
38 97 32
39 1 28
39 109 40
39 91 34
40 1 28
40 109 41
40 91 34
41 1 28
41 109 39
41 91 34
42 1 28
42 109 43
42 91 38
43 1 28
43 109 44
43 91 38
44 1 28
44 109 42
44 91 38
45 1 25
46 1 25
46 68 47
47 1 25
47 108 48
47 75 49
47 97 46
48 1 25
48 108 52
48 75 53
48 97 46
49 1 25
49 109 50
49 91 47
50 1 25
50 109 51
50 91 47
51 1 25
51 109 49
51 91 47
52 1 25
52 75 56
52 108 47
52 97 46
53 1 25
53 109 54
53 91 48
54 1 25
54 109 55
54 91 48
55 1 25
55 109 53
55 91 48
56 1 25
56 109 57
56 91 52
57 1 25
57 109 58
57 91 52
58 1 25
58 109 56
58 91 52
59 1 22
60 1 22
60 68 61
61 1 22
61 108 62
61 75 63
61 97 60
62 1 22
62 108 66
62 75 67
62 97 60
63 1 22
63 109 64
63 91 61
64 1 22
64 109 65
64 91 61
65 1 22
65 109 63
65 91 61
66 1 22
66 75 70
66 108 61
66 97 60
67 1 22
67 109 68
67 91 62
68 1 22
68 109 69
68 91 62
69 1 22
69 109 67
69 91 62
70 1 22
70 109 71
70 91 66
71 1 22
71 109 72
71 91 66
72 1 22
72 109 70
72 91 66
73 1 12
73 68 74
74 1 12
74 108 75
74 75 76
74 97 73
75 1 12
75 108 79
75 75 80
75 97 73
76 1 12
76 109 77
76 91 74
77 1 12
77 109 78
77 91 74
78 1 12
78 109 76
78 91 74
79 1 12
79 75 83
79 108 74
79 97 73
80 1 12
80 109 81
80 91 75
81 1 12
81 109 82
81 91 75
82 1 12
82 109 80
82 91 75
83 1 12
83 109 84
83 91 79
84 1 12
84 109 85
84 91 79
85 1 12
85 109 83
85 91 79
86 1 12
