# Format: <source_state_id> <instruction_id> <target_state_id>
0 0 1
9 26 20
9 21 21
20 1 9
20 0 66
21 99 23
21 26 22
21 52 9
22 1 21
22 0 53
23 99 25
23 26 24
23 52 9
24 1 23
24 0 40
25 99 21
25 26 26
25 52 9
26 1 25
26 0 27
27 1 25
27 68 28
28 1 25
28 100 29
28 75 30
28 97 27
29 1 25
29 100 33
29 75 34
29 97 27
30 1 25
30 101 31
30 91 28
31 1 25
31 101 32
31 91 28
32 1 25
32 101 30
32 91 28
33 1 25
33 75 37
33 100 28
33 97 27
34 1 25
34 101 35
34 91 29
35 1 25
35 101 36
35 91 29
36 1 25
36 101 34
36 91 29
37 1 25
37 101 38
37 91 33
38 1 25
38 101 39
38 91 33
39 1 25
39 101 37
39 91 33
40 1 23
40 68 41
41 1 23
41 100 42
41 75 43
41 97 40
42 1 23
42 100 46
42 75 47
42 97 40
43 1 23
43 101 44
43 91 41
44 1 23
44 101 45
44 91 41
45 1 23
45 101 43
45 91 41
46 1 23
46 75 50
46 100 41
46 97 40
47 1 23
47 101 48
47 91 42
48 1 23
48 101 49
48 91 42
49 1 23
49 101 47
49 91 42
50 1 23
50 101 51
50 91 46
51 1 23
51 101 52
51 91 46
52 1 23
52 101 50
52 91 46
53 1 21
53 68 54
54 1 21
54 100 55
54 75 56
54 97 53
55 1 21
55 100 59
55 75 60
55 97 53
56 1 21
56 101 57
56 91 54
57 1 21
57 101 58
57 91 54
58 1 21
58 101 56
58 91 54
59 1 21
59 75 63
59 100 54
59 97 53
60 1 21
60 101 61
60 91 55
61 1 21
61 101 62
61 91 55
62 1 21
62 101 60
62 91 55
63 1 21
63 101 64
63 91 59
64 1 21
64 101 65
64 91 59
65 1 21
65 101 63
65 91 59
66 1 9
66 68 67
67 1 9
67 100 68
67 75 69
67 97 66
68 1 9
68 100 72
68 75 73
68 97 66
69 1 9
69 101 70
69 91 67
70 1 9
70 101 71
70 91 67
71 1 9
71 101 69
71 91 67
72 1 9
72 75 76
72 100 67
72 97 66
73 1 9
73 101 74
73 91 68
74 1 9
74 101 75
74 91 68
75 1 9
75 101 73
75 91 68
76 1 9
76 101 77
76 91 72
77 1 9
77 101 78
77 91 72
78 1 9
78 101 76
78 91 72
