# Format: <source_state_id> <instruction_id> <target_state_id>
0 0 1
12 34 22
12 21 23
22 1 12
22 0 68
23 34 24
23 108 25
23 45 12
24 1 23
24 0 55
25 34 26
25 108 27
25 45 12
26 1 25
26 0 42
27 34 28
27 108 23
27 45 12
28 1 27
28 0 29
29 1 27
29 77 30
30 1 27
30 109 31
30 84 32
30 106 29
31 1 27
31 109 35
31 84 36
31 106 29
32 1 27
32 110 33
32 100 30
33 1 27
33 110 34
33 100 30
34 1 27
34 110 32
34 100 30
35 1 27
35 84 39
35 109 30
35 106 29
36 1 27
36 110 37
36 100 31
37 1 27
37 110 38
37 100 31
38 1 27
38 110 36
38 100 31
39 1 27
39 110 40
39 100 35
40 1 27
40 110 41
40 100 35
41 1 27
41 110 39
41 100 35
42 1 25
42 77 43
43 1 25
43 109 44
43 84 45
43 106 42
44 1 25
44 109 48
44 84 49
44 106 42
45 1 25
45 110 46
45 100 43
46 1 25
46 110 47
46 100 43
47 1 25
47 110 45
47 100 43
48 1 25
48 84 52
48 109 43
48 106 42
49 1 25
49 110 50
49 100 44
50 1 25
50 110 51
50 100 44
51 1 25
51 110 49
51 100 44
52 1 25
52 110 53
52 100 48
53 1 25
53 110 54
53 100 48
54 1 25
54 110 52
54 100 48
55 1 23
55 77 56
56 1 23
56 109 57
56 84 58
56 106 55
57 1 23
57 109 61
57 84 62
57 106 55
58 1 23
58 110 59
58 100 56
59 1 23
59 110 60
59 100 56
60 1 23
60 110 58
60 100 56
61 1 23
61 84 65
61 109 56
61 106 55
62 1 23
62 110 63
62 100 57
63 1 23
63 110 64
63 100 57
64 1 23
64 110 62
64 100 57
65 1 23
65 110 66
65 100 61
66 1 23
66 110 67
66 100 61
67 1 23
67 110 65
67 100 61
68 1 12
68 77 69
69 1 12
69 109 70
69 84 71
69 106 68
70 1 12
70 109 74
70 84 75
70 106 68
71 1 12
71 110 72
71 100 69
72 1 12
72 110 73
72 100 69
73 1 12
73 110 71
73 100 69
74 1 12
74 84 78
74 109 69
74 106 68
75 1 12
75 110 76
75 100 70
76 1 12
76 110 77
76 100 70
77 1 12
77 110 75
77 100 70
78 1 12
78 110 79
78 100 74
79 1 12
79 110 80
79 100 74
80 1 12
80 110 78
80 100 74
