# Format: <source_state_id> <instruction_id> <target_state_id>
0 0 1
13 33 22
13 32 23
13 18 24
22 1 13
22 0 88
23 1 13
23 0 75
24 33 25
24 32 26
24 114 27
24 43 13
25 1 24
25 0 74
26 1 24
26 0 61
27 33 28
27 32 29
27 114 30
27 43 13
28 1 27
28 0 60
29 1 27
29 0 47
30 33 31
30 32 32
30 114 24
30 43 13
31 1 30
31 0 46
32 1 30
32 0 33
33 1 30
33 75 34
34 1 30
34 115 35
34 82 36
34 104 33
35 1 30
35 115 39
35 82 40
35 104 33
36 1 30
36 116 37
36 98 34
37 1 30
37 116 38
37 98 34
38 1 30
38 116 36
38 98 34
39 1 30
39 82 43
39 115 34
39 104 33
40 1 30
40 116 41
40 98 35
41 1 30
41 116 42
41 98 35
42 1 30
42 116 40
42 98 35
43 1 30
43 116 44
43 98 39
44 1 30
44 116 45
44 98 39
45 1 30
45 116 43
45 98 39
46 1 30
47 1 27
47 75 48
48 1 27
48 115 49
48 82 50
48 104 47
49 1 27
49 115 53
49 82 54
49 104 47
50 1 27
50 116 51
50 98 48
51 1 27
51 116 52
51 98 48
52 1 27
52 116 50
52 98 48
53 1 27
53 82 57
53 115 48
53 104 47
54 1 27
54 116 55
54 98 49
55 1 27
55 116 56
55 98 49
56 1 27
56 116 54
56 98 49
57 1 27
57 116 58
57 98 53
58 1 27
58 116 59
58 98 53
59 1 27
59 116 57
59 98 53
60 1 27
61 1 24
61 75 62
62 1 24
62 115 63
62 82 64
62 104 61
63 1 24
63 115 67
63 82 68
63 104 61
64 1 24
64 116 65
64 98 62
65 1 24
65 116 66
65 98 62
66 1 24
66 116 64
66 98 62
67 1 24
67 82 71
67 115 62
67 104 61
68 1 24
68 116 69
68 98 63
69 1 24
69 116 70
69 98 63
70 1 24
70 116 68
70 98 63
71 1 24
71 116 72
71 98 67
72 1 24
72 116 73
72 98 67
73 1 24
73 116 71
73 98 67
74 1 24
75 1 13
75 75 76
76 1 13
76 115 77
76 82 78
76 104 75
77 1 13
77 115 81
77 82 82
77 104 75
78 1 13
78 116 79
78 98 76
79 1 13
79 116 80
79 98 76
80 1 13
80 116 78
80 98 76
81 1 13
81 82 85
81 115 76
81 104 75
82 1 13
82 116 83
82 98 77
83 1 13
83 116 84
83 98 77
84 1 13
84 116 82
84 98 77
85 1 13
85 116 86
85 98 81
86 1 13
86 116 87
86 98 81
87 1 13
87 116 85
87 98 81
88 1 13
