# Format: <source_state_id> <instruction_id> <target_state_id>
0 0 1
12 53 20
12 45 21
12 42 22
12 25 23
12 21 24
20 1 12
20 0 102
21 1 12
21 0 101
22 1 12
22 0 88
23 1 12
23 0 87
24 53 25
24 45 26
24 25 27
24 42 28
24 120 29
24 60 12
25 1 24
25 0 86
26 1 24
26 0 85
27 1 24
27 0 84
28 1 24
28 0 71
29 53 30
29 45 31
29 25 32
29 42 33
29 120 34
29 60 12
30 1 29
30 0 70
31 1 29
31 0 69
32 1 29
32 0 68
33 1 29
33 0 55
34 53 35
34 45 36
34 25 37
34 42 38
34 120 24
34 60 12
35 1 34
35 0 54
36 1 34
36 0 53
37 1 34
37 0 52
38 1 34
38 0 39
39 1 34
39 80 40
40 1 34
40 121 41
40 87 42
40 109 39
41 1 34
41 121 45
41 87 46
41 109 39
42 1 34
42 122 43
42 103 40
43 1 34
43 122 44
43 103 40
44 1 34
44 122 42
44 103 40
45 1 34
45 87 49
45 121 40
45 109 39
46 1 34
46 122 47
46 103 41
47 1 34
47 122 48
47 103 41
48 1 34
48 122 46
48 103 41
49 1 34
49 122 50
49 103 45
50 1 34
50 122 51
50 103 45
51 1 34
51 122 49
51 103 45
52 1 34
53 1 34
54 1 34
55 1 29
55 80 56
56 1 29
56 121 57
56 87 58
56 109 55
57 1 29
57 121 61
57 87 62
57 109 55
58 1 29
58 122 59
58 103 56
59 1 29
59 122 60
59 103 56
60 1 29
60 122 58
60 103 56
61 1 29
61 87 65
61 121 56
61 109 55
62 1 29
62 122 63
62 103 57
63 1 29
63 122 64
63 103 57
64 1 29
64 122 62
64 103 57
65 1 29
65 122 66
65 103 61
66 1 29
66 122 67
66 103 61
67 1 29
67 122 65
67 103 61
68 1 29
69 1 29
70 1 29
71 1 24
71 80 72
72 1 24
72 121 73
72 87 74
72 109 71
73 1 24
73 121 77
73 87 78
73 109 71
74 1 24
74 122 75
74 103 72
75 1 24
75 122 76
75 103 72
76 1 24
76 122 74
76 103 72
77 1 24
77 87 81
77 121 72
77 109 71
78 1 24
78 122 79
78 103 73
79 1 24
79 122 80
79 103 73
80 1 24
80 122 78
80 103 73
81 1 24
81 122 82
81 103 77
82 1 24
82 122 83
82 103 77
83 1 24
83 122 81
83 103 77
84 1 24
85 1 24
86 1 24
87 1 12
88 1 12
88 80 89
89 1 12
89 121 90
89 87 91
89 109 88
90 1 12
90 121 94
90 87 95
90 109 88
91 1 12
91 122 92
91 103 89
92 1 12
92 122 93
92 103 89
93 1 12
93 122 91
93 103 89
94 1 12
94 87 98
94 121 89
94 109 88
95 1 12
95 122 96
95 103 90
96 1 12
96 122 97
96 103 90
97 1 12
97 122 95
97 103 90
98 1 12
98 122 99
98 103 94
99 1 12
99 122 100
99 103 94
100 1 12
100 122 98
100 103 94
101 1 12
102 1 12
