# Format: <source_state_id> <instruction_id> <target_state_id>
0 0 1
12 42 20
12 35 21
12 46 22
12 33 23
12 28 24
12 24 25
20 1 12
20 0 110
21 1 12
21 0 109
22 1 12
22 0 108
23 1 12
23 0 95
24 1 12
24 0 94
25 42 26
25 35 27
25 46 28
25 33 29
25 28 30
25 140 31
25 57 12
26 1 25
26 0 93
27 1 25
27 0 92
28 1 25
28 0 91
29 1 25
29 0 78
30 1 25
30 0 77
31 42 32
31 35 33
31 46 34
31 33 35
31 28 36
31 140 37
31 57 12
32 1 31
32 0 76
33 1 31
33 0 75
34 1 31
34 0 74
35 1 31
35 0 61
36 1 31
36 0 60
37 42 38
37 35 39
37 46 40
37 33 41
37 28 42
37 140 25
37 57 12
38 1 37
38 0 59
39 1 37
39 0 58
40 1 37
40 0 57
41 1 37
41 0 44
42 1 37
42 0 43
43 1 37
44 1 37
44 73 45
45 1 37
45 80 47
45 141 46
45 102 44
46 1 37
46 80 51
46 141 50
46 102 44
47 1 37
47 142 48
47 96 45
48 1 37
48 142 49
48 96 45
49 1 37
49 142 47
49 96 45
50 1 37
50 80 54
50 141 45
50 102 44
51 1 37
51 142 52
51 96 46
52 1 37
52 142 53
52 96 46
53 1 37
53 142 51
53 96 46
54 1 37
54 142 55
54 96 50
55 1 37
55 142 56
55 96 50
56 1 37
56 142 54
56 96 50
57 1 37
58 1 37
59 1 37
60 1 31
61 1 31
61 73 62
62 1 31
62 80 64
62 141 63
62 102 61
63 1 31
63 80 68
63 141 67
63 102 61
64 1 31
64 142 65
64 96 62
65 1 31
65 142 66
65 96 62
66 1 31
66 142 64
66 96 62
67 1 31
67 80 71
67 141 62
67 102 61
68 1 31
68 142 69
68 96 63
69 1 31
69 142 70
69 96 63
70 1 31
70 142 68
70 96 63
71 1 31
71 142 72
71 96 67
72 1 31
72 142 73
72 96 67
73 1 31
73 142 71
73 96 67
74 1 31
75 1 31
76 1 31
77 1 25
78 1 25
78 73 79
79 1 25
79 80 81
79 141 80
79 102 78
80 1 25
80 80 85
80 141 84
80 102 78
81 1 25
81 142 82
81 96 79
82 1 25
82 142 83
82 96 79
83 1 25
83 142 81
83 96 79
84 1 25
84 80 88
84 141 79
84 102 78
85 1 25
85 142 86
85 96 80
86 1 25
86 142 87
86 96 80
87 1 25
87 142 85
87 96 80
88 1 25
88 142 89
88 96 84
89 1 25
89 142 90
89 96 84
90 1 25
90 142 88
90 96 84
91 1 25
92 1 25
93 1 25
94 1 12
95 1 12
95 73 96
96 1 12
96 80 98
96 141 97
96 102 95
97 1 12
97 80 102
97 141 101
97 102 95
98 1 12
98 142 99
98 96 96
99 1 12
99 142 100
99 96 96
100 1 12
100 142 98
100 96 96
101 1 12
101 80 105
101 141 96
101 102 95
102 1 12
102 142 103
102 96 97
103 1 12
103 142 104
103 96 97
104 1 12
104 142 102
104 96 97
105 1 12
105 142 106
105 96 101
106 1 12
106 142 107
106 96 101
107 1 12
107 142 105
107 96 101
108 1 12
109 1 12
110 1 12
