# Format: <source_state_id> <instruction_id> <target_state_id>
0 0 1
12 53 20
12 45 21
12 43 22
12 38 23
12 41 24
12 28 25
12 24 26
20 1 12
20 0 126
21 1 12
21 0 123
22 1 12
22 0 110
23 1 12
23 0 109
24 1 12
24 0 108
25 1 12
25 0 107
26 53 27
26 43 28
26 38 29
26 41 30
26 28 31
26 45 32
26 149 33
26 60 12
27 1 26
27 0 106
28 1 26
28 0 93
29 1 26
29 0 92
30 1 26
30 0 91
31 1 26
31 0 90
32 1 26
32 0 87
33 53 34
33 43 35
33 38 36
33 41 37
33 28 38
33 45 39
33 149 40
33 60 12
34 1 33
34 0 86
35 1 33
35 0 73
36 1 33
36 0 72
37 1 33
37 0 71
38 1 33
38 0 70
39 1 33
39 0 67
40 53 41
40 43 42
40 38 43
40 41 44
40 28 45
40 45 46
40 149 26
40 60 12
41 1 40
41 0 66
42 1 40
42 0 53
43 1 40
43 0 52
44 1 40
44 0 51
45 1 40
45 0 50
46 1 40
46 0 47
47 1 40
47 139 48
48 1 47
48 0 49
49 1 47
50 1 40
51 1 40
52 1 40
53 1 40
53 102 54
54 150 55
54 109 56
54 1 40
54 131 53
55 150 59
55 109 60
55 1 40
55 131 53
56 1 40
56 151 57
56 125 54
57 1 40
57 151 58
57 125 54
58 1 40
58 151 56
58 125 54
59 109 63
59 150 54
59 1 40
59 131 53
60 1 40
60 151 61
60 125 55
61 1 40
61 151 62
61 125 55
62 1 40
62 151 60
62 125 55
63 1 40
63 151 64
63 125 59
64 1 40
64 151 65
64 125 59
65 1 40
65 151 63
65 125 59
66 1 40
67 1 33
67 139 68
68 1 67
68 0 69
69 1 67
70 1 33
71 1 33
72 1 33
73 1 33
73 102 74
74 150 75
74 109 76
74 1 33
74 131 73
75 150 79
75 109 80
75 1 33
75 131 73
76 1 33
76 151 77
76 125 74
77 1 33
77 151 78
77 125 74
78 1 33
78 151 76
78 125 74
79 109 83
79 150 74
79 1 33
79 131 73
80 1 33
80 151 81
80 125 75
81 1 33
81 151 82
81 125 75
82 1 33
82 151 80
82 125 75
83 1 33
83 151 84
83 125 79
84 1 33
84 151 85
84 125 79
85 1 33
85 151 83
85 125 79
86 1 33
87 1 26
87 139 88
88 1 87
88 0 89
89 1 87
90 1 26
91 1 26
92 1 26
93 1 26
93 102 94
94 150 95
94 109 96
94 1 26
94 131 93
95 150 99
95 109 100
95 1 26
95 131 93
96 1 26
96 151 97
96 125 94
97 1 26
97 151 98
97 125 94
98 1 26
98 151 96
98 125 94
99 109 103
99 150 94
99 1 26
99 131 93
100 1 26
100 151 101
100 125 95
101 1 26
101 151 102
101 125 95
102 1 26
102 151 100
102 125 95
103 1 26
103 151 104
103 125 99
104 1 26
104 151 105
104 125 99
105 1 26
105 151 103
105 125 99
106 1 26
107 1 12
108 1 12
109 1 12
110 1 12
110 102 111
111 150 112
111 109 113
111 1 12
111 131 110
112 150 116
112 109 117
112 1 12
112 131 110
113 1 12
113 151 114
113 125 111
114 1 12
114 151 115
114 125 111
115 1 12
115 151 113
115 125 111
116 109 120
116 150 111
116 1 12
116 131 110
117 1 12
117 151 118
117 125 112
118 1 12
118 151 119
118 125 112
119 1 12
119 151 117
119 125 112
120 1 12
120 151 121
120 125 116
121 1 12
121 151 122
121 125 116
122 1 12
122 151 120
122 125 116
123 1 12
123 139 124
124 1 123
124 0 125
125 1 123
126 1 12
