# Format: <source_state_id> <instruction_id> <target_state_id>
0 0 1
9 32 20
9 18 21
20 1 9
20 0 66
21 92 23
21 32 22
21 45 9
22 1 21
22 0 53
23 92 25
23 32 24
23 45 9
24 1 23
24 0 40
25 92 21
25 32 26
25 45 9
26 1 25
26 0 27
27 1 25
27 61 28
28 1 25
28 93 29
28 68 30
28 90 27
29 1 25
29 93 33
29 68 34
29 90 27
30 1 25
30 94 31
30 84 28
31 1 25
31 94 32
31 84 28
32 1 25
32 94 30
32 84 28
33 1 25
33 68 37
33 93 28
33 90 27
34 1 25
34 94 35
34 84 29
35 1 25
35 94 36
35 84 29
36 1 25
36 94 34
36 84 29
37 1 25
37 94 38
37 84 33
38 1 25
38 94 39
38 84 33
39 1 25
39 94 37
39 84 33
40 1 23
40 61 41
41 1 23
41 93 42
41 68 43
41 90 40
42 1 23
42 93 46
42 68 47
42 90 40
43 1 23
43 94 44
43 84 41
44 1 23
44 94 45
44 84 41
45 1 23
45 94 43
45 84 41
46 1 23
46 68 50
46 93 41
46 90 40
47 1 23
47 94 48
47 84 42
48 1 23
48 94 49
48 84 42
49 1 23
49 94 47
49 84 42
50 1 23
50 94 51
50 84 46
51 1 23
51 94 52
51 84 46
52 1 23
52 94 50
52 84 46
53 1 21
53 61 54
54 1 21
54 93 55
54 68 56
54 90 53
55 1 21
55 93 59
55 68 60
55 90 53
56 1 21
56 94 57
56 84 54
57 1 21
57 94 58
57 84 54
58 1 21
58 94 56
58 84 54
59 1 21
59 68 63
59 93 54
59 90 53
60 1 21
60 94 61
60 84 55
61 1 21
61 94 62
61 84 55
62 1 21
62 94 60
62 84 55
63 1 21
63 94 64
63 84 59
64 1 21
64 94 65
64 84 59
65 1 21
65 94 63
65 84 59
66 1 9
66 61 67
67 1 9
67 93 68
67 68 69
67 90 66
68 1 9
68 93 72
68 68 73
68 90 66
69 1 9
69 94 70
69 84 67
70 1 9
70 94 71
70 84 67
71 1 9
71 94 69
71 84 67
72 1 9
72 68 76
72 93 67
72 90 66
73 1 9
73 94 74
73 84 68
74 1 9
74 94 75
74 84 68
75 1 9
75 94 73
75 84 68
76 1 9
76 94 77
76 84 72
77 1 9
77 94 78
77 84 72
78 1 9
78 94 76
78 84 72
