# Format: <source_state_id> <instruction_id> <target_state_id>
0 0 1
11 44 20
11 39 21
11 41 22
11 28 23
11 24 24
20 1 11
20 0 54
21 1 11
21 0 53
22 1 11
22 0 52
23 1 11
23 0 51
24 44 25
24 41 26
24 28 27
24 71 29
24 39 28
24 52 11
25 1 24
25 0 50
26 1 24
26 0 49
27 1 24
27 0 48
28 1 24
28 0 47
29 44 30
29 41 31
29 28 32
29 71 34
29 39 33
29 52 11
30 1 29
30 0 46
31 1 29
31 0 45
32 1 29
32 0 44
33 1 29
33 0 43
34 44 35
34 41 36
34 28 37
34 71 24
34 39 38
34 52 11
35 1 34
35 0 42
36 1 34
36 0 41
37 1 34
37 0 40
38 1 34
38 0 39
39 1 34
40 1 34
41 1 34
42 1 34
43 1 29
44 1 29
45 1 29
46 1 29
47 1 24
48 1 24
49 1 24
50 1 24
51 1 11
52 1 11
53 1 11
54 1 11
