# Format: <source_state_id> <instruction_id> <target_state_id>
0 0 1
10 48 20
10 43 21
10 41 22
10 31 23
10 27 24
20 1 10
20 0 54
21 1 10
21 0 53
22 1 10
22 0 52
23 1 10
23 0 51
24 48 25
24 43 26
24 41 27
24 31 28
24 79 29
24 55 10
25 1 24
25 0 50
26 1 24
26 0 49
27 1 24
27 0 48
28 1 24
28 0 47
29 48 30
29 43 31
29 41 32
29 31 33
29 79 34
29 55 10
30 1 29
30 0 46
31 1 29
31 0 45
32 1 29
32 0 44
33 1 29
33 0 43
34 48 35
34 43 36
34 41 37
34 31 38
34 79 24
34 55 10
35 1 34
35 0 42
36 1 34
36 0 41
37 1 34
37 0 40
38 1 34
38 0 39
39 1 34
40 1 34
41 1 34
42 1 34
43 1 29
44 1 29
45 1 29
46 1 29
47 1 24
48 1 24
49 1 24
50 1 24
51 1 10
52 1 10
53 1 10
54 1 10
