# Format: <source_state_id> <instruction_id> <target_state_id>
0 0 1
16 40 22
16 37 23
16 32 24
16 41 25
16 28 26
22 1 16
22 0 104
23 1 16
23 0 91
24 1 16
24 0 90
25 1 16
25 0 89
26 41 27
26 40 28
26 32 29
26 37 30
26 141 31
26 63 16
27 1 26
27 0 88
28 1 26
28 0 87
29 1 26
29 0 86
30 1 26
30 0 73
31 41 32
31 40 33
31 32 34
31 37 35
31 141 36
31 63 16
32 1 31
32 0 72
33 1 31
33 0 71
34 1 31
34 0 70
35 1 31
35 0 57
36 41 37
36 40 38
36 32 39
36 37 40
36 141 26
36 63 16
37 1 36
37 0 56
38 1 36
38 0 55
39 1 36
39 0 54
40 1 36
40 0 41
41 1 36
41 83 42
42 1 36
42 142 43
42 90 44
42 112 41
43 1 36
43 142 47
43 90 48
43 112 41
44 1 36
44 143 45
44 106 42
45 1 36
45 143 46
45 106 42
46 1 36
46 143 44
46 106 42
47 1 36
47 90 51
47 142 42
47 112 41
48 1 36
48 143 49
48 106 43
49 1 36
49 143 50
49 106 43
50 1 36
50 143 48
50 106 43
51 1 36
51 143 52
51 106 47
52 1 36
52 143 53
52 106 47
53 1 36
53 143 51
53 106 47
54 1 36
55 1 36
56 1 36
57 1 31
57 83 58
58 1 31
58 142 59
58 90 60
58 112 57
59 1 31
59 142 63
59 90 64
59 112 57
60 1 31
60 143 61
60 106 58
61 1 31
61 143 62
61 106 58
62 1 31
62 143 60
62 106 58
63 1 31
63 90 67
63 142 58
63 112 57
64 1 31
64 143 65
64 106 59
65 1 31
65 143 66
65 106 59
66 1 31
66 143 64
66 106 59
67 1 31
67 143 68
67 106 63
68 1 31
68 143 69
68 106 63
69 1 31
69 143 67
69 106 63
70 1 31
71 1 31
72 1 31
73 1 26
73 83 74
74 1 26
74 142 75
74 90 76
74 112 73
75 1 26
75 142 79
75 90 80
75 112 73
76 1 26
76 143 77
76 106 74
77 1 26
77 143 78
77 106 74
78 1 26
78 143 76
78 106 74
79 1 26
79 90 83
79 142 74
79 112 73
80 1 26
80 143 81
80 106 75
81 1 26
81 143 82
81 106 75
82 1 26
82 143 80
82 106 75
83 1 26
83 143 84
83 106 79
84 1 26
84 143 85
84 106 79
85 1 26
85 143 83
85 106 79
86 1 26
87 1 26
88 1 26
89 1 16
90 1 16
91 1 16
91 83 92
92 1 16
92 142 93
92 90 94
92 112 91
93 1 16
93 142 97
93 90 98
93 112 91
94 1 16
94 143 95
94 106 92
95 1 16
95 143 96
95 106 92
96 1 16
96 143 94
96 106 92
97 1 16
97 90 101
97 142 92
97 112 91
98 1 16
98 143 99
98 106 93
99 1 16
99 143 100
99 106 93
100 1 16
100 143 98
100 106 93
101 1 16
101 143 102
101 106 97
102 1 16
102 143 103
102 106 97
103 1 16
103 143 101
103 106 97
104 1 16
