# Format: <source_state_id> <instruction_id> <target_state_id>
0 0 1
16 36 22
16 33 23
16 54 24
16 28 25
16 24 26
22 1 16
22 0 110
23 1 16
23 0 97
24 1 16
24 0 96
25 1 16
25 0 95
26 36 27
26 33 28
26 54 29
26 28 30
26 151 31
26 61 16
27 1 26
27 0 92
28 1 26
28 0 79
29 1 26
29 0 78
30 1 26
30 0 77
31 36 32
31 33 33
31 54 34
31 28 35
31 151 36
31 61 16
32 1 31
32 0 74
33 1 31
33 0 61
34 1 31
34 0 60
35 1 31
35 0 59
36 36 37
36 33 38
36 54 39
36 28 40
36 151 26
36 61 16
37 1 36
37 0 56
38 1 36
38 0 43
39 1 36
39 0 42
40 1 36
40 0 41
41 1 36
42 1 36
43 1 36
43 81 44
44 1 36
44 152 45
44 88 46
44 110 43
45 1 36
45 152 49
45 88 50
45 110 43
46 1 36
46 153 47
46 104 44
47 1 36
47 153 48
47 104 44
48 1 36
48 153 46
48 104 44
49 1 36
49 88 53
49 152 44
49 110 43
50 1 36
50 153 51
50 104 45
51 1 36
51 153 52
51 104 45
52 1 36
52 153 50
52 104 45
53 1 36
53 153 54
53 104 49
54 1 36
54 153 55
54 104 49
55 1 36
55 153 53
55 104 49
56 1 36
56 119 57
57 1 56
57 0 58
58 1 56
59 1 31
60 1 31
61 1 31
61 81 62
62 1 31
62 152 63
62 88 64
62 110 61
63 1 31
63 152 67
63 88 68
63 110 61
64 1 31
64 153 65
64 104 62
65 1 31
65 153 66
65 104 62
66 1 31
66 153 64
66 104 62
67 1 31
67 88 71
67 152 62
67 110 61
68 1 31
68 153 69
68 104 63
69 1 31
69 153 70
69 104 63
70 1 31
70 153 68
70 104 63
71 1 31
71 153 72
71 104 67
72 1 31
72 153 73
72 104 67
73 1 31
73 153 71
73 104 67
74 1 31
74 119 75
75 1 74
75 0 76
76 1 74
77 1 26
78 1 26
79 1 26
79 81 80
80 1 26
80 152 81
80 88 82
80 110 79
81 1 26
81 152 85
81 88 86
81 110 79
82 1 26
82 153 83
82 104 80
83 1 26
83 153 84
83 104 80
84 1 26
84 153 82
84 104 80
85 1 26
85 88 89
85 152 80
85 110 79
86 1 26
86 153 87
86 104 81
87 1 26
87 153 88
87 104 81
88 1 26
88 153 86
88 104 81
89 1 26
89 153 90
89 104 85
90 1 26
90 153 91
90 104 85
91 1 26
91 153 89
91 104 85
92 1 26
92 119 93
93 1 92
93 0 94
94 1 92
95 1 16
96 1 16
97 1 16
97 81 98
98 1 16
98 152 99
98 88 100
98 110 97
99 1 16
99 152 103
99 88 104
99 110 97
100 1 16
100 153 101
100 104 98
101 1 16
101 153 102
101 104 98
102 1 16
102 153 100
102 104 98
103 1 16
103 88 107
103 152 98
103 110 97
104 1 16
104 153 105
104 104 99
105 1 16
105 153 106
105 104 99
106 1 16
106 153 104
106 104 99
107 1 16
107 153 108
107 104 103
108 1 16
108 153 109
108 104 103
109 1 16
109 153 107
109 104 103
110 1 16
110 119 111
111 1 110
111 0 112
112 1 110
