# Format: <source_state_id> <instruction_id> <target_state_id>
0 0 1
10 35 21
10 28 22
21 1 10
21 0 67
22 35 23
22 128 24
22 68 10
23 1 22
23 0 54
24 35 25
24 128 26
24 68 10
25 1 24
25 0 41
26 35 27
26 128 22
26 68 10
27 1 26
27 0 28
28 1 26
28 88 29
29 1 26
29 129 30
29 95 31
29 117 28
30 1 26
30 129 34
30 95 35
30 117 28
31 1 26
31 130 32
31 111 29
32 1 26
32 130 33
32 111 29
33 1 26
33 130 31
33 111 29
34 1 26
34 95 38
34 129 29
34 117 28
35 1 26
35 130 36
35 111 30
36 1 26
36 130 37
36 111 30
37 1 26
37 130 35
37 111 30
38 1 26
38 130 39
38 111 34
39 1 26
39 130 40
39 111 34
40 1 26
40 130 38
40 111 34
41 1 24
41 88 42
42 1 24
42 129 43
42 95 44
42 117 41
43 1 24
43 129 47
43 95 48
43 117 41
44 1 24
44 130 45
44 111 42
45 1 24
45 130 46
45 111 42
46 1 24
46 130 44
46 111 42
47 1 24
47 95 51
47 129 42
47 117 41
48 1 24
48 130 49
48 111 43
49 1 24
49 130 50
49 111 43
50 1 24
50 130 48
50 111 43
51 1 24
51 130 52
51 111 47
52 1 24
52 130 53
52 111 47
53 1 24
53 130 51
53 111 47
54 1 22
54 88 55
55 1 22
55 129 56
55 95 57
55 117 54
56 1 22
56 129 60
56 95 61
56 117 54
57 1 22
57 130 58
57 111 55
58 1 22
58 130 59
58 111 55
59 1 22
59 130 57
59 111 55
60 1 22
60 95 64
60 129 55
60 117 54
61 1 22
61 130 62
61 111 56
62 1 22
62 130 63
62 111 56
63 1 22
63 130 61
63 111 56
64 1 22
64 130 65
64 111 60
65 1 22
65 130 66
65 111 60
66 1 22
66 130 64
66 111 60
67 1 10
67 88 68
68 1 10
68 129 69
68 95 70
68 117 67
69 1 10
69 129 73
69 95 74
69 117 67
70 1 10
70 130 71
70 111 68
71 1 10
71 130 72
71 111 68
72 1 10
72 130 70
72 111 68
73 1 10
73 95 77
73 129 68
73 117 67
74 1 10
74 130 75
74 111 69
75 1 10
75 130 76
75 111 69
76 1 10
76 130 74
76 111 69
77 1 10
77 130 78
77 111 73
78 1 10
78 130 79
78 111 73
79 1 10
79 130 77
79 111 73
