# Format: <source_state_id> <instruction_id> <target_state_id>
0 0 1
10 29 20
10 28 21
10 21 22
20 1 10
20 0 44
21 1 10
21 0 43
22 28 23
22 29 24
22 68 25
22 36 10
23 1 22
23 0 42
24 1 22
24 0 39
25 28 26
25 29 27
25 68 28
25 36 10
26 1 25
26 0 38
27 1 25
27 0 35
28 28 29
28 29 30
28 68 22
28 36 10
29 1 28
29 0 34
30 1 28
30 0 31
31 1 28
31 58 32
32 1 31
32 0 33
33 1 31
34 1 28
35 1 25
35 58 36
36 1 35
36 0 37
37 1 35
38 1 25
39 1 22
39 58 40
40 1 39
40 0 41
41 1 39
42 1 22
43 1 10
44 1 10
44 58 45
45 1 44
45 0 46
46 1 44
