# Format: <source_state_id> <instruction_id> <target_state_id>
0 0 1
13 71 20
13 42 21
13 30 22
20 1 13
20 0 128
21 1 13
21 0 127
22 71 23
22 42 24
22 108 25
22 49 26
22 77 27
22 105 13
23 1 22
23 0 126
24 1 22
24 0 125
25 71 56
25 42 57
25 108 58
25 49 59
25 77 60
25 105 13
26 71 42
26 42 43
26 0 44
26 65 22
27 71 28
27 42 29
27 0 30
27 92 22
28 1 27
28 0 41
29 1 27
29 0 40
30 71 31
30 42 32
30 0 33
30 92 22
31 1 30
31 0 39
32 1 30
32 0 38
33 71 34
33 42 35
33 0 27
33 92 22
34 1 33
34 0 37
35 1 33
35 0 36
36 1 33
37 1 33
38 1 30
39 1 30
40 1 27
41 1 27
42 1 26
42 0 55
43 1 26
43 0 54
44 71 45
44 42 46
44 0 47
44 65 22
45 1 44
45 0 53
46 1 44
46 0 52
47 71 48
47 42 49
47 0 26
47 65 22
48 1 47
48 0 51
49 1 47
49 0 50
50 1 47
51 1 47
52 1 44
53 1 44
54 1 26
55 1 26
56 1 25
56 0 124
57 1 25
57 0 123
58 71 89
58 42 90
58 49 91
58 77 92
58 108 22
58 105 13
59 71 75
59 42 76
59 0 77
59 65 25
60 71 61
60 42 62
60 0 63
60 92 25
61 1 60
61 0 74
62 1 60
62 0 73
63 71 64
63 42 65
63 0 66
63 92 25
64 1 63
64 0 72
65 1 63
65 0 71
66 71 67
66 42 68
66 0 60
66 92 25
67 1 66
67 0 70
68 1 66
68 0 69
69 1 66
70 1 66
71 1 63
72 1 63
73 1 60
74 1 60
75 1 59
75 0 88
76 1 59
76 0 87
77 71 78
77 42 79
77 0 80
77 65 25
78 1 77
78 0 86
79 1 77
79 0 85
80 71 81
80 42 82
80 0 59
80 65 25
81 1 80
81 0 84
82 1 80
82 0 83
83 1 80
84 1 80
85 1 77
86 1 77
87 1 59
88 1 59
89 1 58
89 0 122
90 1 58
90 0 121
91 71 107
91 42 108
91 0 109
91 65 58
92 71 93
92 42 94
92 0 95
92 92 58
93 1 92
93 0 106
94 1 92
94 0 105
95 71 96
95 42 97
95 0 98
95 92 58
96 1 95
96 0 104
97 1 95
97 0 103
98 71 99
98 42 100
98 0 92
98 92 58
99 1 98
99 0 102
100 1 98
100 0 101
101 1 98
102 1 98
103 1 95
104 1 95
105 1 92
106 1 92
107 1 91
107 0 120
108 1 91
108 0 119
109 71 110
109 42 111
109 0 112
109 65 58
110 1 109
110 0 118
111 1 109
111 0 117
112 71 113
112 42 114
112 0 91
112 65 58
113 1 112
113 0 116
114 1 112
114 0 115
115 1 112
116 1 112
117 1 109
118 1 109
119 1 91
120 1 91
121 1 58
122 1 58
123 1 25
124 1 25
125 1 22
126 1 22
127 1 13
128 1 13
