# Format: <source_state_id> <instruction_id> <target_state_id>
0 0 1
12 26 21
12 25 22
12 24 23
12 19 24
21 1 12
21 0 95
22 1 12
22 0 94
23 1 12
23 0 81
24 26 25
24 25 26
24 24 27
24 109 28
24 54 12
25 1 24
25 0 80
26 1 24
26 0 79
27 1 24
27 0 66
28 26 29
28 25 30
28 24 31
28 109 32
28 54 12
29 1 28
29 0 65
30 1 28
30 0 64
31 1 28
31 0 51
32 26 33
32 25 34
32 24 35
32 109 24
32 54 12
33 1 32
33 0 50
34 1 32
34 0 49
35 1 32
35 0 36
36 1 32
36 70 37
37 1 32
37 110 38
37 77 39
37 99 36
38 1 32
38 110 42
38 77 43
38 99 36
39 1 32
39 111 40
39 93 37
40 1 32
40 111 41
40 93 37
41 1 32
41 111 39
41 93 37
42 1 32
42 77 46
42 110 37
42 99 36
43 1 32
43 111 44
43 93 38
44 1 32
44 111 45
44 93 38
45 1 32
45 111 43
45 93 38
46 1 32
46 111 47
46 93 42
47 1 32
47 111 48
47 93 42
48 1 32
48 111 46
48 93 42
49 1 32
50 1 32
51 1 28
51 70 52
52 1 28
52 110 53
52 77 54
52 99 51
53 1 28
53 110 57
53 77 58
53 99 51
54 1 28
54 111 55
54 93 52
55 1 28
55 111 56
55 93 52
56 1 28
56 111 54
56 93 52
57 1 28
57 77 61
57 110 52
57 99 51
58 1 28
58 111 59
58 93 53
59 1 28
59 111 60
59 93 53
60 1 28
60 111 58
60 93 53
61 1 28
61 111 62
61 93 57
62 1 28
62 111 63
62 93 57
63 1 28
63 111 61
63 93 57
64 1 28
65 1 28
66 1 24
66 70 67
67 1 24
67 110 68
67 77 69
67 99 66
68 1 24
68 110 72
68 77 73
68 99 66
69 1 24
69 111 70
69 93 67
70 1 24
70 111 71
70 93 67
71 1 24
71 111 69
71 93 67
72 1 24
72 77 76
72 110 67
72 99 66
73 1 24
73 111 74
73 93 68
74 1 24
74 111 75
74 93 68
75 1 24
75 111 73
75 93 68
76 1 24
76 111 77
76 93 72
77 1 24
77 111 78
77 93 72
78 1 24
78 111 76
78 93 72
79 1 24
80 1 24
81 1 12
81 70 82
82 1 12
82 110 83
82 77 84
82 99 81
83 1 12
83 110 87
83 77 88
83 99 81
84 1 12
84 111 85
84 93 82
85 1 12
85 111 86
85 93 82
86 1 12
86 111 84
86 93 82
87 1 12
87 77 91
87 110 82
87 99 81
88 1 12
88 111 89
88 93 83
89 1 12
89 111 90
89 93 83
90 1 12
90 111 88
90 93 83
91 1 12
91 111 92
91 93 87
92 1 12
92 111 93
92 93 87
93 1 12
93 111 91
93 93 87
94 1 12
95 1 12
