# Format: <source_state_id> <instruction_id> <target_state_id>
0 0 1
12 59 20
12 55 21
12 39 22
12 34 23
12 30 24
20 1 12
20 0 102
21 1 12
21 0 101
22 1 12
22 0 88
23 1 12
23 0 87
24 59 25
24 55 26
24 39 27
24 34 28
24 140 29
24 70 12
25 1 24
25 0 86
26 1 24
26 0 85
27 1 24
27 0 72
28 1 24
28 0 71
29 59 30
29 55 31
29 39 32
29 34 33
29 140 34
29 70 12
30 1 29
30 0 70
31 1 29
31 0 69
32 1 29
32 0 56
33 1 29
33 0 55
34 59 35
34 55 36
34 39 37
34 34 38
34 140 24
34 70 12
35 1 34
35 0 54
36 1 34
36 0 53
37 1 34
37 0 40
38 1 34
38 0 39
39 1 34
40 1 34
40 90 41
41 1 34
41 141 42
41 97 43
41 119 40
42 1 34
42 141 46
42 97 47
42 119 40
43 1 34
43 142 44
43 113 41
44 1 34
44 142 45
44 113 41
45 1 34
45 142 43
45 113 41
46 1 34
46 97 50
46 141 41
46 119 40
47 1 34
47 142 48
47 113 42
48 1 34
48 142 49
48 113 42
49 1 34
49 142 47
49 113 42
50 1 34
50 142 51
50 113 46
51 1 34
51 142 52
51 113 46
52 1 34
52 142 50
52 113 46
53 1 34
54 1 34
55 1 29
56 1 29
56 90 57
57 1 29
57 141 58
57 97 59
57 119 56
58 1 29
58 141 62
58 97 63
58 119 56
59 1 29
59 142 60
59 113 57
60 1 29
60 142 61
60 113 57
61 1 29
61 142 59
61 113 57
62 1 29
62 97 66
62 141 57
62 119 56
63 1 29
63 142 64
63 113 58
64 1 29
64 142 65
64 113 58
65 1 29
65 142 63
65 113 58
66 1 29
66 142 67
66 113 62
67 1 29
67 142 68
67 113 62
68 1 29
68 142 66
68 113 62
69 1 29
70 1 29
71 1 24
72 1 24
72 90 73
73 1 24
73 141 74
73 97 75
73 119 72
74 1 24
74 141 78
74 97 79
74 119 72
75 1 24
75 142 76
75 113 73
76 1 24
76 142 77
76 113 73
77 1 24
77 142 75
77 113 73
78 1 24
78 97 82
78 141 73
78 119 72
79 1 24
79 142 80
79 113 74
80 1 24
80 142 81
80 113 74
81 1 24
81 142 79
81 113 74
82 1 24
82 142 83
82 113 78
83 1 24
83 142 84
83 113 78
84 1 24
84 142 82
84 113 78
85 1 24
86 1 24
87 1 12
88 1 12
88 90 89
89 1 12
89 141 90
89 97 91
89 119 88
90 1 12
90 141 94
90 97 95
90 119 88
91 1 12
91 142 92
91 113 89
92 1 12
92 142 93
92 113 89
93 1 12
93 142 91
93 113 89
94 1 12
94 97 98
94 141 89
94 119 88
95 1 12
95 142 96
95 113 90
96 1 12
96 142 97
96 113 90
97 1 12
97 142 95
97 113 90
98 1 12
98 142 99
98 113 94
99 1 12
99 142 100
99 113 94
100 1 12
100 142 98
100 113 94
101 1 12
102 1 12
