# Format: <source_state_id> <instruction_id> <target_state_id>
0 0 1
12 38 20
12 35 21
12 30 22
20 1 12
20 0 86
21 1 12
21 0 73
22 38 23
22 35 24
22 120 25
22 73 12
23 1 22
23 0 72
24 1 22
24 0 59
25 38 26
25 35 27
25 120 28
25 73 12
26 1 25
26 0 58
27 1 25
27 0 45
28 38 29
28 35 30
28 120 22
28 73 12
29 1 28
29 0 44
30 1 28
30 0 31
31 1 28
31 89 32
32 121 33
32 96 34
32 1 28
32 118 31
33 121 37
33 96 38
33 1 28
33 118 31
34 1 28
34 122 35
34 112 32
35 1 28
35 122 36
35 112 32
36 1 28
36 122 34
36 112 32
37 96 41
37 121 32
37 1 28
37 118 31
38 1 28
38 122 39
38 112 33
39 1 28
39 122 40
39 112 33
40 1 28
40 122 38
40 112 33
41 1 28
41 122 42
41 112 37
42 1 28
42 122 43
42 112 37
43 1 28
43 122 41
43 112 37
44 1 28
45 1 25
45 89 46
46 121 47
46 96 48
46 1 25
46 118 45
47 121 51
47 96 52
47 1 25
47 118 45
48 1 25
48 122 49
48 112 46
49 1 25
49 122 50
49 112 46
50 1 25
50 122 48
50 112 46
51 96 55
51 121 46
51 1 25
51 118 45
52 1 25
52 122 53
52 112 47
53 1 25
53 122 54
53 112 47
54 1 25
54 122 52
54 112 47
55 1 25
55 122 56
55 112 51
56 1 25
56 122 57
56 112 51
57 1 25
57 122 55
57 112 51
58 1 25
59 1 22
59 89 60
60 121 61
60 96 62
60 1 22
60 118 59
61 121 65
61 96 66
61 1 22
61 118 59
62 1 22
62 122 63
62 112 60
63 1 22
63 122 64
63 112 60
64 1 22
64 122 62
64 112 60
65 96 69
65 121 60
65 1 22
65 118 59
66 1 22
66 122 67
66 112 61
67 1 22
67 122 68
67 112 61
68 1 22
68 122 66
68 112 61
69 1 22
69 122 70
69 112 65
70 1 22
70 122 71
70 112 65
71 1 22
71 122 69
71 112 65
72 1 22
73 1 12
73 89 74
74 121 75
74 96 76
74 1 12
74 118 73
75 121 79
75 96 80
75 1 12
75 118 73
76 1 12
76 122 77
76 112 74
77 1 12
77 122 78
77 112 74
78 1 12
78 122 76
78 112 74
79 96 83
79 121 74
79 1 12
79 118 73
80 1 12
80 122 81
80 112 75
81 1 12
81 122 82
81 112 75
82 1 12
82 122 80
82 112 75
83 1 12
83 122 84
83 112 79
84 1 12
84 122 85
84 112 79
85 1 12
85 122 83
85 112 79
86 1 12
