# Format: <source_state_id> <instruction_id> <target_state_id>
0 0 1
12 38 22
12 36 23
12 40 24
12 27 25
22 1 12
22 0 96
23 1 12
23 0 95
24 1 12
24 0 82
25 40 26
25 38 27
25 36 28
25 160 29
25 60 12
26 1 25
26 0 69
27 1 25
27 0 68
28 1 25
28 0 67
29 40 30
29 38 31
29 36 32
29 160 33
29 60 12
30 1 29
30 0 54
31 1 29
31 0 53
32 1 29
32 0 52
33 40 34
33 38 35
33 36 36
33 160 25
33 60 12
34 1 33
34 0 39
35 1 33
35 0 38
36 1 33
36 0 37
37 1 33
38 1 33
39 1 33
39 106 40
40 1 33
40 113 42
40 161 41
40 135 39
41 1 33
41 113 46
41 161 45
41 135 39
42 1 33
42 162 43
42 129 40
43 1 33
43 162 44
43 129 40
44 1 33
44 162 42
44 129 40
45 1 33
45 113 49
45 161 40
45 135 39
46 1 33
46 162 47
46 129 41
47 1 33
47 162 48
47 129 41
48 1 33
48 162 46
48 129 41
49 1 33
49 162 50
49 129 45
50 1 33
50 162 51
50 129 45
51 1 33
51 162 49
51 129 45
52 1 29
53 1 29
54 1 29
54 106 55
55 1 29
55 113 57
55 161 56
55 135 54
56 1 29
56 113 61
56 161 60
56 135 54
57 1 29
57 162 58
57 129 55
58 1 29
58 162 59
58 129 55
59 1 29
59 162 57
59 129 55
60 1 29
60 113 64
60 161 55
60 135 54
61 1 29
61 162 62
61 129 56
62 1 29
62 162 63
62 129 56
63 1 29
63 162 61
63 129 56
64 1 29
64 162 65
64 129 60
65 1 29
65 162 66
65 129 60
66 1 29
66 162 64
66 129 60
67 1 25
68 1 25
69 1 25
69 106 70
70 1 25
70 113 72
70 161 71
70 135 69
71 1 25
71 113 76
71 161 75
71 135 69
72 1 25
72 162 73
72 129 70
73 1 25
73 162 74
73 129 70
74 1 25
74 162 72
74 129 70
75 1 25
75 113 79
75 161 70
75 135 69
76 1 25
76 162 77
76 129 71
77 1 25
77 162 78
77 129 71
78 1 25
78 162 76
78 129 71
79 1 25
79 162 80
79 129 75
80 1 25
80 162 81
80 129 75
81 1 25
81 162 79
81 129 75
82 1 12
82 106 83
83 1 12
83 113 85
83 161 84
83 135 82
84 1 12
84 113 89
84 161 88
84 135 82
85 1 12
85 162 86
85 129 83
86 1 12
86 162 87
86 129 83
87 1 12
87 162 85
87 129 83
88 1 12
88 113 92
88 161 83
88 135 82
89 1 12
89 162 90
89 129 84
90 1 12
90 162 91
90 129 84
91 1 12
91 162 89
91 129 84
92 1 12
92 162 93
92 129 88
93 1 12
93 162 94
93 129 88
94 1 12
94 162 92
94 129 88
95 1 12
96 1 12
