# Format: <source_state_id> <instruction_id> <target_state_id>
0 0 1
9 26 20
9 21 21
20 1 9
20 0 66
21 26 22
21 101 23
21 54 9
22 1 21
22 0 53
23 26 24
23 101 25
23 54 9
24 1 23
24 0 40
25 26 26
25 101 21
25 54 9
26 1 25
26 0 27
27 1 25
27 70 28
28 1 25
28 102 29
28 77 30
28 99 27
29 1 25
29 102 33
29 77 34
29 99 27
30 1 25
30 103 31
30 93 28
31 1 25
31 103 32
31 93 28
32 1 25
32 103 30
32 93 28
33 1 25
33 77 37
33 102 28
33 99 27
34 1 25
34 103 35
34 93 29
35 1 25
35 103 36
35 93 29
36 1 25
36 103 34
36 93 29
37 1 25
37 103 38
37 93 33
38 1 25
38 103 39
38 93 33
39 1 25
39 103 37
39 93 33
40 1 23
40 70 41
41 1 23
41 102 42
41 77 43
41 99 40
42 1 23
42 102 46
42 77 47
42 99 40
43 1 23
43 103 44
43 93 41
44 1 23
44 103 45
44 93 41
45 1 23
45 103 43
45 93 41
46 1 23
46 77 50
46 102 41
46 99 40
47 1 23
47 103 48
47 93 42
48 1 23
48 103 49
48 93 42
49 1 23
49 103 47
49 93 42
50 1 23
50 103 51
50 93 46
51 1 23
51 103 52
51 93 46
52 1 23
52 103 50
52 93 46
53 1 21
53 70 54
54 1 21
54 102 55
54 77 56
54 99 53
55 1 21
55 102 59
55 77 60
55 99 53
56 1 21
56 103 57
56 93 54
57 1 21
57 103 58
57 93 54
58 1 21
58 103 56
58 93 54
59 1 21
59 77 63
59 102 54
59 99 53
60 1 21
60 103 61
60 93 55
61 1 21
61 103 62
61 93 55
62 1 21
62 103 60
62 93 55
63 1 21
63 103 64
63 93 59
64 1 21
64 103 65
64 93 59
65 1 21
65 103 63
65 93 59
66 1 9
66 70 67
67 1 9
67 102 68
67 77 69
67 99 66
68 1 9
68 102 72
68 77 73
68 99 66
69 1 9
69 103 70
69 93 67
70 1 9
70 103 71
70 93 67
71 1 9
71 103 69
71 93 67
72 1 9
72 77 76
72 102 67
72 99 66
73 1 9
73 103 74
73 93 68
74 1 9
74 103 75
74 93 68
75 1 9
75 103 73
75 93 68
76 1 9
76 103 77
76 93 72
77 1 9
77 103 78
77 93 72
78 1 9
78 103 76
78 93 72
