# Format: <source_state_id> <instruction_id> <target_state_id>
0 0 1
13 46 20
13 44 21
13 39 22
13 29 23
13 25 24
20 1 13
20 0 90
21 1 13
21 0 89
22 1 13
22 0 88
23 1 13
23 0 87
24 46 25
24 44 26
24 29 27
24 39 28
24 143 29
24 75 13
25 1 24
25 0 74
26 1 24
26 0 73
27 1 24
27 0 72
28 1 24
28 0 71
29 46 30
29 44 31
29 29 32
29 39 33
29 143 34
29 75 13
30 1 29
30 0 58
31 1 29
31 0 57
32 1 29
32 0 56
33 1 29
33 0 55
34 46 35
34 44 36
34 29 37
34 39 38
34 143 24
34 75 13
35 1 34
35 0 42
36 1 34
36 0 41
37 1 34
37 0 40
38 1 34
38 0 39
39 1 34
40 1 34
41 1 34
42 1 34
42 111 43
43 1 34
43 144 44
43 118 45
43 140 42
44 1 34
44 144 48
44 118 49
44 140 42
45 1 34
45 145 46
45 134 43
46 1 34
46 145 47
46 134 43
47 1 34
47 145 45
47 134 43
48 1 34
48 118 52
48 144 43
48 140 42
49 1 34
49 145 50
49 134 44
50 1 34
50 145 51
50 134 44
51 1 34
51 145 49
51 134 44
52 1 34
52 145 53
52 134 48
53 1 34
53 145 54
53 134 48
54 1 34
54 145 52
54 134 48
55 1 29
56 1 29
57 1 29
58 1 29
58 111 59
59 1 29
59 144 60
59 118 61
59 140 58
60 1 29
60 144 64
60 118 65
60 140 58
61 1 29
61 145 62
61 134 59
62 1 29
62 145 63
62 134 59
63 1 29
63 145 61
63 134 59
64 1 29
64 118 68
64 144 59
64 140 58
65 1 29
65 145 66
65 134 60
66 1 29
66 145 67
66 134 60
67 1 29
67 145 65
67 134 60
68 1 29
68 145 69
68 134 64
69 1 29
69 145 70
69 134 64
70 1 29
70 145 68
70 134 64
71 1 24
72 1 24
73 1 24
74 1 24
74 111 75
75 1 24
75 144 76
75 118 77
75 140 74
76 1 24
76 144 80
76 118 81
76 140 74
77 1 24
77 145 78
77 134 75
78 1 24
78 145 79
78 134 75
79 1 24
79 145 77
79 134 75
80 1 24
80 118 84
80 144 75
80 140 74
81 1 24
81 145 82
81 134 76
82 1 24
82 145 83
82 134 76
83 1 24
83 145 81
83 134 76
84 1 24
84 145 85
84 134 80
85 1 24
85 145 86
85 134 80
86 1 24
86 145 84
86 134 80
87 1 13
88 1 13
89 1 13
90 1 13
90 111 91
91 1 13
91 144 92
91 118 93
91 140 90
92 1 13
92 144 96
92 118 97
92 140 90
93 1 13
93 145 94
93 134 91
94 1 13
94 145 95
94 134 91
95 1 13
95 145 93
95 134 91
96 1 13
96 118 100
96 144 91
96 140 90
97 1 13
97 145 98
97 134 92
98 1 13
98 145 99
98 134 92
99 1 13
99 145 97
99 134 92
100 1 13
100 145 101
100 134 96
101 1 13
101 145 102
101 134 96
102 1 13
102 145 100
102 134 96
