# Format: <source_state_id> <instruction_id> <target_state_id>
0 0 1
6 51 20
6 25 21
20 1 6
20 0 57
21 51 22
21 71 23
21 31 24
21 68 6
22 1 21
22 0 56
23 51 33
23 71 34
23 31 35
23 68 6
24 51 25
24 72 26
24 44 21
25 1 24
25 0 32
26 51 27
26 72 28
26 44 21
27 1 26
27 0 31
28 51 29
28 72 24
28 44 21
29 1 28
29 0 30
30 1 28
31 1 26
32 1 24
33 1 23
33 0 55
34 51 44
34 31 45
34 71 21
34 68 6
35 51 36
35 72 37
35 44 23
36 1 35
36 0 43
37 51 38
37 72 39
37 44 23
38 1 37
38 0 42
39 51 40
39 72 35
39 44 23
40 1 39
40 0 41
41 1 39
42 1 37
43 1 35
44 1 34
44 0 54
45 51 46
45 72 47
45 44 34
46 1 45
46 0 53
47 51 48
47 72 49
47 44 34
48 1 47
48 0 52
49 51 50
49 72 45
49 44 34
50 1 49
50 0 51
51 1 49
52 1 47
53 1 45
54 1 34
55 1 23
56 1 21
57 1 6
