# Format: <source_state_id> <instruction_id> <target_state_id>
0 0 1
9 50 20
9 45 21
9 31 22
9 27 23
20 1 9
20 0 46
21 1 9
21 0 45
22 1 9
22 0 44
23 50 24
23 45 25
23 68 27
23 31 26
23 57 9
24 1 23
24 0 43
25 1 23
25 0 42
26 1 23
26 0 41
27 50 28
27 45 29
27 68 31
27 31 30
27 57 9
28 1 27
28 0 40
29 1 27
29 0 39
30 1 27
30 0 38
31 50 32
31 45 33
31 68 23
31 31 34
31 57 9
32 1 31
32 0 37
33 1 31
33 0 36
34 1 31
34 0 35
35 1 31
36 1 31
37 1 31
38 1 27
39 1 27
40 1 27
41 1 23
42 1 23
43 1 23
44 1 9
45 1 9
46 1 9
