# Format: <source_state_id> <instruction_id> <target_state_id>
0 0 1
16 50 20
16 46 21
16 39 22
16 36 23
16 31 24
16 27 25
20 1 16
20 0 118
21 1 16
21 0 117
22 1 16
22 0 114
23 1 16
23 0 101
24 1 16
24 0 100
25 50 26
25 46 27
25 39 28
25 36 29
25 31 30
25 157 31
25 61 16
26 1 25
26 0 99
27 1 25
27 0 98
28 1 25
28 0 95
29 1 25
29 0 82
30 1 25
30 0 81
31 50 32
31 46 33
31 39 34
31 36 35
31 31 36
31 157 37
31 61 16
32 1 31
32 0 80
33 1 31
33 0 79
34 1 31
34 0 76
35 1 31
35 0 63
36 1 31
36 0 62
37 50 38
37 46 39
37 39 40
37 36 41
37 31 42
37 157 25
37 61 16
38 1 37
38 0 61
39 1 37
39 0 60
40 1 37
40 0 57
41 1 37
41 0 44
42 1 37
42 0 43
43 1 37
44 1 37
44 81 45
45 1 37
45 158 46
45 88 47
45 110 44
46 1 37
46 158 50
46 88 51
46 110 44
47 1 37
47 159 48
47 104 45
48 1 37
48 159 49
48 104 45
49 1 37
49 159 47
49 104 45
50 1 37
50 88 54
50 158 45
50 110 44
51 1 37
51 159 52
51 104 46
52 1 37
52 159 53
52 104 46
53 1 37
53 159 51
53 104 46
54 1 37
54 159 55
54 104 50
55 1 37
55 159 56
55 104 50
56 1 37
56 159 54
56 104 50
57 1 37
57 119 58
58 1 57
58 0 59
59 1 57
60 1 37
61 1 37
62 1 31
63 1 31
63 81 64
64 1 31
64 158 65
64 88 66
64 110 63
65 1 31
65 158 69
65 88 70
65 110 63
66 1 31
66 159 67
66 104 64
67 1 31
67 159 68
67 104 64
68 1 31
68 159 66
68 104 64
69 1 31
69 88 73
69 158 64
69 110 63
70 1 31
70 159 71
70 104 65
71 1 31
71 159 72
71 104 65
72 1 31
72 159 70
72 104 65
73 1 31
73 159 74
73 104 69
74 1 31
74 159 75
74 104 69
75 1 31
75 159 73
75 104 69
76 1 31
76 119 77
77 1 76
77 0 78
78 1 76
79 1 31
80 1 31
81 1 25
82 1 25
82 81 83
83 1 25
83 158 84
83 88 85
83 110 82
84 1 25
84 158 88
84 88 89
84 110 82
85 1 25
85 159 86
85 104 83
86 1 25
86 159 87
86 104 83
87 1 25
87 159 85
87 104 83
88 1 25
88 88 92
88 158 83
88 110 82
89 1 25
89 159 90
89 104 84
90 1 25
90 159 91
90 104 84
91 1 25
91 159 89
91 104 84
92 1 25
92 159 93
92 104 88
93 1 25
93 159 94
93 104 88
94 1 25
94 159 92
94 104 88
95 1 25
95 119 96
96 1 95
96 0 97
97 1 95
98 1 25
99 1 25
100 1 16
101 1 16
101 81 102
102 1 16
102 158 103
102 88 104
102 110 101
103 1 16
103 158 107
103 88 108
103 110 101
104 1 16
104 159 105
104 104 102
105 1 16
105 159 106
105 104 102
106 1 16
106 159 104
106 104 102
107 1 16
107 88 111
107 158 102
107 110 101
108 1 16
108 159 109
108 104 103
109 1 16
109 159 110
109 104 103
110 1 16
110 159 108
110 104 103
111 1 16
111 159 112
111 104 107
112 1 16
112 159 113
112 104 107
113 1 16
113 159 111
113 104 107
114 1 16
114 119 115
115 1 114
115 0 116
116 1 114
117 1 16
118 1 16
