# Format: <source_state_id> <instruction_id> <target_state_id>
0 0 1
10 38 20
10 31 21
10 27 22
20 1 10
20 0 74
21 1 10
21 0 73
22 38 23
22 31 24
22 131 25
22 84 10
23 1 22
23 0 60
24 1 22
24 0 59
25 38 26
25 31 27
25 131 28
25 84 10
26 1 25
26 0 46
27 1 25
27 0 45
28 38 29
28 31 30
28 131 22
28 84 10
29 1 28
29 0 32
30 1 28
30 0 31
31 1 28
32 1 28
32 100 33
33 1 28
33 132 34
33 107 35
33 129 32
34 1 28
34 132 38
34 107 39
34 129 32
35 1 28
35 133 36
35 123 33
36 1 28
36 133 37
36 123 33
37 1 28
37 133 35
37 123 33
38 1 28
38 107 42
38 132 33
38 129 32
39 1 28
39 133 40
39 123 34
40 1 28
40 133 41
40 123 34
41 1 28
41 133 39
41 123 34
42 1 28
42 133 43
42 123 38
43 1 28
43 133 44
43 123 38
44 1 28
44 133 42
44 123 38
45 1 25
46 1 25
46 100 47
47 1 25
47 132 48
47 107 49
47 129 46
48 1 25
48 132 52
48 107 53
48 129 46
49 1 25
49 133 50
49 123 47
50 1 25
50 133 51
50 123 47
51 1 25
51 133 49
51 123 47
52 1 25
52 107 56
52 132 47
52 129 46
53 1 25
53 133 54
53 123 48
54 1 25
54 133 55
54 123 48
55 1 25
55 133 53
55 123 48
56 1 25
56 133 57
56 123 52
57 1 25
57 133 58
57 123 52
58 1 25
58 133 56
58 123 52
59 1 22
60 1 22
60 100 61
61 1 22
61 132 62
61 107 63
61 129 60
62 1 22
62 132 66
62 107 67
62 129 60
63 1 22
63 133 64
63 123 61
64 1 22
64 133 65
64 123 61
65 1 22
65 133 63
65 123 61
66 1 22
66 107 70
66 132 61
66 129 60
67 1 22
67 133 68
67 123 62
68 1 22
68 133 69
68 123 62
69 1 22
69 133 67
69 123 62
70 1 22
70 133 71
70 123 66
71 1 22
71 133 72
71 123 66
72 1 22
72 133 70
72 123 66
73 1 10
74 1 10
74 100 75
75 1 10
75 132 76
75 107 77
75 129 74
76 1 10
76 132 80
76 107 81
76 129 74
77 1 10
77 133 78
77 123 75
78 1 10
78 133 79
78 123 75
79 1 10
79 133 77
79 123 75
80 1 10
80 107 84
80 132 75
80 129 74
81 1 10
81 133 82
81 123 76
82 1 10
82 133 83
82 123 76
83 1 10
83 133 81
83 123 76
84 1 10
84 133 85
84 123 80
85 1 10
85 133 86
85 123 80
86 1 10
86 133 84
86 123 80
