# Format: <source_state_id> <instruction_id> <target_state_id>
0 0 1
17 38 22
17 24 23
22 1 17
22 0 203
23 38 24
23 155 25
23 46 26
23 92 17
24 1 23
24 0 190
25 38 71
25 155 72
25 46 73
25 92 17
26 38 27
26 156 28
26 63 23
27 1 26
27 0 58
28 38 29
28 156 30
28 63 23
29 1 28
29 0 45
30 38 31
30 156 26
30 63 23
31 1 30
31 0 32
32 1 30
32 124 33
33 158 34
33 1 30
33 131 35
33 153 32
34 158 38
34 1 30
34 131 39
34 153 32
35 1 30
35 159 36
35 147 33
36 1 30
36 159 37
36 147 33
37 1 30
37 159 35
37 147 33
38 1 30
38 131 42
38 158 33
38 153 32
39 1 30
39 159 40
39 147 34
40 1 30
40 159 41
40 147 34
41 1 30
41 159 39
41 147 34
42 1 30
42 159 43
42 147 38
43 1 30
43 159 44
43 147 38
44 1 30
44 159 42
44 147 38
45 1 28
45 124 46
46 158 47
46 1 28
46 131 48
46 153 45
47 158 51
47 1 28
47 131 52
47 153 45
48 1 28
48 159 49
48 147 46
49 1 28
49 159 50
49 147 46
50 1 28
50 159 48
50 147 46
51 1 28
51 131 55
51 158 46
51 153 45
52 1 28
52 159 53
52 147 47
53 1 28
53 159 54
53 147 47
54 1 28
54 159 52
54 147 47
55 1 28
55 159 56
55 147 51
56 1 28
56 159 57
56 147 51
57 1 28
57 159 55
57 147 51
58 1 26
58 124 59
59 158 60
59 1 26
59 131 61
59 153 58
60 158 64
60 1 26
60 131 65
60 153 58
61 1 26
61 159 62
61 147 59
62 1 26
62 159 63
62 147 59
63 1 26
63 159 61
63 147 59
64 1 26
64 131 68
64 158 59
64 153 58
65 1 26
65 159 66
65 147 60
66 1 26
66 159 67
66 147 60
67 1 26
67 159 65
67 147 60
68 1 26
68 159 69
68 147 64
69 1 26
69 159 70
69 147 64
70 1 26
70 159 68
70 147 64
71 1 25
71 0 177
72 46 119
72 38 118
72 155 23
72 92 17
73 38 74
73 156 75
73 63 25
74 1 73
74 0 105
75 38 76
75 156 77
75 63 25
76 1 75
76 0 92
77 38 78
77 156 73
77 63 25
78 1 77
78 0 79
79 1 77
79 124 80
80 158 81
80 1 77
80 131 82
80 153 79
81 158 85
81 1 77
81 131 86
81 153 79
82 1 77
82 159 83
82 147 80
83 1 77
83 159 84
83 147 80
84 1 77
84 159 82
84 147 80
85 1 77
85 131 89
85 158 80
85 153 79
86 1 77
86 159 87
86 147 81
87 1 77
87 159 88
87 147 81
88 1 77
88 159 86
88 147 81
89 1 77
89 159 90
89 147 85
90 1 77
90 159 91
90 147 85
91 1 77
91 159 89
91 147 85
92 1 75
92 124 93
93 158 94
93 1 75
93 131 95
93 153 92
94 158 98
94 1 75
94 131 99
94 153 92
95 1 75
95 159 96
95 147 93
96 1 75
96 159 97
96 147 93
97 1 75
97 159 95
97 147 93
98 1 75
98 131 102
98 158 93
98 153 92
99 1 75
99 159 100
99 147 94
100 1 75
100 159 101
100 147 94
101 1 75
101 159 99
101 147 94
102 1 75
102 159 103
102 147 98
103 1 75
103 159 104
103 147 98
104 1 75
104 159 102
104 147 98
105 1 73
105 124 106
106 158 107
106 1 73
106 131 108
106 153 105
107 158 111
107 1 73
107 131 112
107 153 105
108 1 73
108 159 109
108 147 106
109 1 73
109 159 110
109 147 106
110 1 73
110 159 108
110 147 106
111 1 73
111 131 115
111 158 106
111 153 105
112 1 73
112 159 113
112 147 107
113 1 73
113 159 114
113 147 107
114 1 73
114 159 112
114 147 107
115 1 73
115 159 116
115 147 111
116 1 73
116 159 117
116 147 111
117 1 73
117 159 115
117 147 111
118 1 72
118 0 164
119 38 120
119 156 121
119 63 72
120 1 119
120 0 151
121 38 122
121 156 123
121 63 72
122 1 121
122 0 138
123 38 124
123 156 119
123 63 72
124 1 123
124 0 125
125 1 123
125 124 126
126 158 127
126 1 123
126 131 128
126 153 125
127 158 131
127 1 123
127 131 132
127 153 125
128 1 123
128 159 129
128 147 126
129 1 123
129 159 130
129 147 126
130 1 123
130 159 128
130 147 126
131 1 123
131 131 135
131 158 126
131 153 125
132 1 123
132 159 133
132 147 127
133 1 123
133 159 134
133 147 127
134 1 123
134 159 132
134 147 127
135 1 123
135 159 136
135 147 131
136 1 123
136 159 137
136 147 131
137 1 123
137 159 135
137 147 131
138 1 121
138 124 139
139 158 140
139 1 121
139 131 141
139 153 138
140 158 144
140 1 121
140 131 145
140 153 138
141 1 121
141 159 142
141 147 139
142 1 121
142 159 143
142 147 139
143 1 121
143 159 141
143 147 139
144 1 121
144 131 148
144 158 139
144 153 138
145 1 121
145 159 146
145 147 140
146 1 121
146 159 147
146 147 140
147 1 121
147 159 145
147 147 140
148 1 121
148 159 149
148 147 144
149 1 121
149 159 150
149 147 144
150 1 121
150 159 148
150 147 144
151 1 119
151 124 152
152 158 153
152 1 119
152 131 154
152 153 151
153 158 157
153 1 119
153 131 158
153 153 151
154 1 119
154 159 155
154 147 152
155 1 119
155 159 156
155 147 152
156 1 119
156 159 154
156 147 152
157 1 119
157 131 161
157 158 152
157 153 151
158 1 119
158 159 159
158 147 153
159 1 119
159 159 160
159 147 153
160 1 119
160 159 158
160 147 153
161 1 119
161 159 162
161 147 157
162 1 119
162 159 163
162 147 157
163 1 119
163 159 161
163 147 157
164 1 72
164 124 165
165 158 166
165 1 72
165 131 167
165 153 164
166 158 170
166 1 72
166 131 171
166 153 164
167 1 72
167 159 168
167 147 165
168 1 72
168 159 169
168 147 165
169 1 72
169 159 167
169 147 165
170 1 72
170 131 174
170 158 165
170 153 164
171 1 72
171 159 172
171 147 166
172 1 72
172 159 173
172 147 166
173 1 72
173 159 171
173 147 166
174 1 72
174 159 175
174 147 170
175 1 72
175 159 176
175 147 170
176 1 72
176 159 174
176 147 170
177 1 25
177 124 178
178 158 179
178 1 25
178 131 180
178 153 177
179 158 183
179 1 25
179 131 184
179 153 177
180 1 25
180 159 181
180 147 178
181 1 25
181 159 182
181 147 178
182 1 25
182 159 180
182 147 178
183 1 25
183 131 187
183 158 178
183 153 177
184 1 25
184 159 185
184 147 179
185 1 25
185 159 186
185 147 179
186 1 25
186 159 184
186 147 179
187 1 25
187 159 188
187 147 183
188 1 25
188 159 189
188 147 183
189 1 25
189 159 187
189 147 183
190 1 23
190 124 191
191 158 192
191 1 23
191 131 193
191 153 190
192 158 196
192 1 23
192 131 197
192 153 190
193 1 23
193 159 194
193 147 191
194 1 23
194 159 195
194 147 191
195 1 23
195 159 193
195 147 191
196 1 23
196 131 200
196 158 191
196 153 190
197 1 23
197 159 198
197 147 192
198 1 23
198 159 199
198 147 192
199 1 23
199 159 197
199 147 192
200 1 23
200 159 201
200 147 196
201 1 23
201 159 202
201 147 196
202 1 23
202 159 200
202 147 196
203 1 17
203 124 204
204 158 205
204 1 17
204 131 206
204 153 203
205 158 209
205 1 17
205 131 210
205 153 203
206 1 17
206 159 207
206 147 204
207 1 17
207 159 208
207 147 204
208 1 17
208 159 206
208 147 204
209 1 17
209 131 213
209 158 204
209 153 203
210 1 17
210 159 211
210 147 205
211 1 17
211 159 212
211 147 205
212 1 17
212 159 210
212 147 205
213 1 17
213 159 214
213 147 209
214 1 17
214 159 215
214 147 209
215 1 17
215 159 213
215 147 209
