# Format: <source_state_id> <instruction_id> <target_state_id>
0 0 1
10 24 22
10 23 23
10 18 24
22 1 10
22 0 88
23 1 10
23 0 75
24 24 25
24 23 26
24 120 27
24 43 10
25 1 24
25 0 74
26 1 24
26 0 61
27 24 28
27 23 29
27 120 30
27 43 10
28 1 27
28 0 60
29 1 27
29 0 47
30 24 31
30 23 32
30 120 24
30 43 10
31 1 30
31 0 46
32 1 30
32 0 33
33 1 30
33 59 34
34 121 35
34 1 30
34 66 36
34 88 33
35 121 39
35 1 30
35 66 40
35 88 33
36 1 30
36 122 37
36 82 34
37 1 30
37 122 38
37 82 34
38 1 30
38 122 36
38 82 34
39 1 30
39 66 43
39 121 34
39 88 33
40 1 30
40 122 41
40 82 35
41 1 30
41 122 42
41 82 35
42 1 30
42 122 40
42 82 35
43 1 30
43 122 44
43 82 39
44 1 30
44 122 45
44 82 39
45 1 30
45 122 43
45 82 39
46 1 30
47 1 27
47 59 48
48 121 49
48 1 27
48 66 50
48 88 47
49 121 53
49 1 27
49 66 54
49 88 47
50 1 27
50 122 51
50 82 48
51 1 27
51 122 52
51 82 48
52 1 27
52 122 50
52 82 48
53 1 27
53 66 57
53 121 48
53 88 47
54 1 27
54 122 55
54 82 49
55 1 27
55 122 56
55 82 49
56 1 27
56 122 54
56 82 49
57 1 27
57 122 58
57 82 53
58 1 27
58 122 59
58 82 53
59 1 27
59 122 57
59 82 53
60 1 27
61 1 24
61 59 62
62 121 63
62 1 24
62 66 64
62 88 61
63 121 67
63 1 24
63 66 68
63 88 61
64 1 24
64 122 65
64 82 62
65 1 24
65 122 66
65 82 62
66 1 24
66 122 64
66 82 62
67 1 24
67 66 71
67 121 62
67 88 61
68 1 24
68 122 69
68 82 63
69 1 24
69 122 70
69 82 63
70 1 24
70 122 68
70 82 63
71 1 24
71 122 72
71 82 67
72 1 24
72 122 73
72 82 67
73 1 24
73 122 71
73 82 67
74 1 24
75 1 10
75 59 76
76 121 77
76 1 10
76 66 78
76 88 75
77 121 81
77 1 10
77 66 82
77 88 75
78 1 10
78 122 79
78 82 76
79 1 10
79 122 80
79 82 76
80 1 10
80 122 78
80 82 76
81 1 10
81 66 85
81 121 76
81 88 75
82 1 10
82 122 83
82 82 77
83 1 10
83 122 84
83 82 77
84 1 10
84 122 82
84 82 77
85 1 10
85 122 86
85 82 81
86 1 10
86 122 87
86 82 81
87 1 10
87 122 85
87 82 81
88 1 10
