# Format: <source_state_id> <instruction_id> <target_state_id>
0 0 1
10 39 20
10 38 21
10 27 22
20 1 10
20 0 78
21 1 10
21 0 76
22 39 23
22 38 24
22 145 25
22 63 10
23 1 22
23 0 63
24 1 22
24 0 61
25 39 26
25 38 27
25 145 28
25 63 10
26 1 25
26 0 48
27 1 25
27 0 46
28 39 29
28 38 30
28 145 22
28 63 10
29 1 28
29 0 33
30 1 28
30 0 31
31 1 28
31 98 32
32 1 31
32 0 31
33 1 28
33 114 34
34 1 28
34 146 35
34 121 36
34 143 33
35 1 28
35 146 39
35 121 40
35 143 33
36 1 28
36 147 37
36 137 34
37 1 28
37 147 38
37 137 34
38 1 28
38 147 36
38 137 34
39 1 28
39 121 43
39 146 34
39 143 33
40 1 28
40 147 41
40 137 35
41 1 28
41 147 42
41 137 35
42 1 28
42 147 40
42 137 35
43 1 28
43 147 44
43 137 39
44 1 28
44 147 45
44 137 39
45 1 28
45 147 43
45 137 39
46 1 25
46 98 47
47 1 46
47 0 46
48 1 25
48 114 49
49 1 25
49 146 50
49 121 51
49 143 48
50 1 25
50 146 54
50 121 55
50 143 48
51 1 25
51 147 52
51 137 49
52 1 25
52 147 53
52 137 49
53 1 25
53 147 51
53 137 49
54 1 25
54 121 58
54 146 49
54 143 48
55 1 25
55 147 56
55 137 50
56 1 25
56 147 57
56 137 50
57 1 25
57 147 55
57 137 50
58 1 25
58 147 59
58 137 54
59 1 25
59 147 60
59 137 54
60 1 25
60 147 58
60 137 54
61 1 22
61 98 62
62 1 61
62 0 61
63 1 22
63 114 64
64 1 22
64 146 65
64 121 66
64 143 63
65 1 22
65 146 69
65 121 70
65 143 63
66 1 22
66 147 67
66 137 64
67 1 22
67 147 68
67 137 64
68 1 22
68 147 66
68 137 64
69 1 22
69 121 73
69 146 64
69 143 63
70 1 22
70 147 71
70 137 65
71 1 22
71 147 72
71 137 65
72 1 22
72 147 70
72 137 65
73 1 22
73 147 74
73 137 69
74 1 22
74 147 75
74 137 69
75 1 22
75 147 73
75 137 69
76 1 10
76 98 77
77 1 76
77 0 76
78 1 10
78 114 79
79 1 10
79 146 80
79 121 81
79 143 78
80 1 10
80 146 84
80 121 85
80 143 78
81 1 10
81 147 82
81 137 79
82 1 10
82 147 83
82 137 79
83 1 10
83 147 81
83 137 79
84 1 10
84 121 88
84 146 79
84 143 78
85 1 10
85 147 86
85 137 80
86 1 10
86 147 87
86 137 80
87 1 10
87 147 85
87 137 80
88 1 10
88 147 89
88 137 84
89 1 10
89 147 90
89 137 84
90 1 10
90 147 88
90 137 84
