# Format: <source_state_id> <instruction_id> <target_state_id>
0 0 1
10 34 20
10 35 21
10 22 22
20 1 10
20 0 89
21 1 10
21 0 76
22 35 23
22 34 24
22 151 25
22 69 10
23 1 22
23 0 63
24 1 22
24 0 61
25 35 26
25 34 27
25 151 28
25 69 10
26 1 25
26 0 48
27 1 25
27 0 46
28 35 29
28 34 30
28 151 22
28 69 10
29 1 28
29 0 33
30 1 28
30 0 31
31 1 28
31 104 32
32 1 31
32 0 31
33 1 28
33 120 34
34 1 28
34 152 35
34 127 36
34 149 33
35 1 28
35 152 39
35 127 40
35 149 33
36 1 28
36 153 37
36 143 34
37 1 28
37 153 38
37 143 34
38 1 28
38 153 36
38 143 34
39 1 28
39 127 43
39 152 34
39 149 33
40 1 28
40 153 41
40 143 35
41 1 28
41 153 42
41 143 35
42 1 28
42 153 40
42 143 35
43 1 28
43 153 44
43 143 39
44 1 28
44 153 45
44 143 39
45 1 28
45 153 43
45 143 39
46 1 25
46 104 47
47 1 46
47 0 46
48 1 25
48 120 49
49 1 25
49 152 50
49 127 51
49 149 48
50 1 25
50 152 54
50 127 55
50 149 48
51 1 25
51 153 52
51 143 49
52 1 25
52 153 53
52 143 49
53 1 25
53 153 51
53 143 49
54 1 25
54 127 58
54 152 49
54 149 48
55 1 25
55 153 56
55 143 50
56 1 25
56 153 57
56 143 50
57 1 25
57 153 55
57 143 50
58 1 25
58 153 59
58 143 54
59 1 25
59 153 60
59 143 54
60 1 25
60 153 58
60 143 54
61 1 22
61 104 62
62 1 61
62 0 61
63 1 22
63 120 64
64 1 22
64 152 65
64 127 66
64 149 63
65 1 22
65 152 69
65 127 70
65 149 63
66 1 22
66 153 67
66 143 64
67 1 22
67 153 68
67 143 64
68 1 22
68 153 66
68 143 64
69 1 22
69 127 73
69 152 64
69 149 63
70 1 22
70 153 71
70 143 65
71 1 22
71 153 72
71 143 65
72 1 22
72 153 70
72 143 65
73 1 22
73 153 74
73 143 69
74 1 22
74 153 75
74 143 69
75 1 22
75 153 73
75 143 69
76 1 10
76 120 77
77 1 10
77 152 78
77 127 79
77 149 76
78 1 10
78 152 82
78 127 83
78 149 76
79 1 10
79 153 80
79 143 77
80 1 10
80 153 81
80 143 77
81 1 10
81 153 79
81 143 77
82 1 10
82 127 86
82 152 77
82 149 76
83 1 10
83 153 84
83 143 78
84 1 10
84 153 85
84 143 78
85 1 10
85 153 83
85 143 78
86 1 10
86 153 87
86 143 82
87 1 10
87 153 88
87 143 82
88 1 10
88 153 86
88 143 82
89 1 10
89 104 90
90 1 89
90 0 89
