# Format: <source_state_id> <instruction_id> <target_state_id>
0 0 1
11 54 21
11 46 22
11 45 23
11 35 24
11 57 25
11 31 26
21 1 11
21 0 63
22 1 11
22 0 62
23 1 11
23 0 61
24 1 11
24 0 60
25 1 11
25 0 59
26 57 27
26 54 28
26 46 29
26 45 30
26 35 31
26 89 32
26 65 11
27 1 26
27 0 58
28 1 26
28 0 57
29 1 26
29 0 56
30 1 26
30 0 55
31 1 26
31 0 54
32 57 33
32 54 34
32 46 35
32 45 36
32 35 37
32 89 38
32 65 11
33 1 32
33 0 53
34 1 32
34 0 52
35 1 32
35 0 51
36 1 32
36 0 50
37 1 32
37 0 49
38 57 39
38 54 40
38 46 41
38 45 42
38 35 43
38 89 26
38 65 11
39 1 38
39 0 48
40 1 38
40 0 47
41 1 38
41 0 46
42 1 38
42 0 45
43 1 38
43 0 44
44 1 38
45 1 38
46 1 38
47 1 38
48 1 38
49 1 32
50 1 32
51 1 32
52 1 32
53 1 32
54 1 26
55 1 26
56 1 26
57 1 26
58 1 26
59 1 11
60 1 11
61 1 11
62 1 11
63 1 11
