# Format: <source_state_id> <instruction_id> <target_state_id>
0 0 1
9 43 20
9 46 21
9 33 22
9 25 23
9 21 24
20 1 9
20 0 60
21 1 9
21 0 59
22 1 9
22 0 58
23 1 9
23 0 57
24 43 25
24 46 26
24 33 27
24 25 28
24 80 29
24 53 9
25 1 24
25 0 54
26 1 24
26 0 53
27 1 24
27 0 52
28 1 24
28 0 51
29 43 30
29 46 31
29 33 32
29 25 33
29 80 34
29 53 9
30 1 29
30 0 48
31 1 29
31 0 47
32 1 29
32 0 46
33 1 29
33 0 45
34 43 35
34 46 36
34 33 37
34 25 38
34 80 24
34 53 9
35 1 34
35 0 42
36 1 34
36 0 41
37 1 34
37 0 40
38 1 34
38 0 39
39 1 34
40 1 34
41 1 34
42 1 34
42 62 43
43 1 42
43 0 44
44 1 42
45 1 29
46 1 29
47 1 29
48 1 29
48 62 49
49 1 48
49 0 50
50 1 48
51 1 24
52 1 24
53 1 24
54 1 24
54 62 55
55 1 54
55 0 56
56 1 54
57 1 9
58 1 9
59 1 9
60 1 9
60 62 61
61 1 60
61 0 62
62 1 60
