# Format: <source_state_id> <instruction_id> <target_state_id>
0 0 1
15 45 22
15 42 23
15 28 24
22 1 15
22 0 88
23 1 15
23 0 75
24 45 26
24 136 27
24 42 25
24 55 15
25 1 24
25 0 62
26 1 24
26 0 61
27 45 29
27 136 30
27 42 28
27 55 15
28 1 27
28 0 48
29 1 27
29 0 47
30 45 32
30 136 24
30 42 31
30 55 15
31 1 30
31 0 34
32 1 30
32 0 33
33 1 30
34 1 30
34 91 35
35 1 30
35 137 36
35 98 37
35 120 34
36 1 30
36 137 40
36 98 41
36 120 34
37 1 30
37 138 38
37 114 35
38 1 30
38 138 39
38 114 35
39 1 30
39 138 37
39 114 35
40 1 30
40 98 44
40 137 35
40 120 34
41 1 30
41 138 42
41 114 36
42 1 30
42 138 43
42 114 36
43 1 30
43 138 41
43 114 36
44 1 30
44 138 45
44 114 40
45 1 30
45 138 46
45 114 40
46 1 30
46 138 44
46 114 40
47 1 27
48 1 27
48 91 49
49 1 27
49 137 50
49 98 51
49 120 48
50 1 27
50 137 54
50 98 55
50 120 48
51 1 27
51 138 52
51 114 49
52 1 27
52 138 53
52 114 49
53 1 27
53 138 51
53 114 49
54 1 27
54 98 58
54 137 49
54 120 48
55 1 27
55 138 56
55 114 50
56 1 27
56 138 57
56 114 50
57 1 27
57 138 55
57 114 50
58 1 27
58 138 59
58 114 54
59 1 27
59 138 60
59 114 54
60 1 27
60 138 58
60 114 54
61 1 24
62 1 24
62 91 63
63 1 24
63 137 64
63 98 65
63 120 62
64 1 24
64 137 68
64 98 69
64 120 62
65 1 24
65 138 66
65 114 63
66 1 24
66 138 67
66 114 63
67 1 24
67 138 65
67 114 63
68 1 24
68 98 72
68 137 63
68 120 62
69 1 24
69 138 70
69 114 64
70 1 24
70 138 71
70 114 64
71 1 24
71 138 69
71 114 64
72 1 24
72 138 73
72 114 68
73 1 24
73 138 74
73 114 68
74 1 24
74 138 72
74 114 68
75 1 15
75 91 76
76 1 15
76 137 77
76 98 78
76 120 75
77 1 15
77 137 81
77 98 82
77 120 75
78 1 15
78 138 79
78 114 76
79 1 15
79 138 80
79 114 76
80 1 15
80 138 78
80 114 76
81 1 15
81 98 85
81 137 76
81 120 75
82 1 15
82 138 83
82 114 77
83 1 15
83 138 84
83 114 77
84 1 15
84 138 82
84 114 77
85 1 15
85 138 86
85 114 81
86 1 15
86 138 87
86 114 81
87 1 15
87 138 85
87 114 81
88 1 15
