# Format: <source_state_id> <instruction_id> <target_state_id>
0 0 1
17 51 22
17 44 23
17 32 24
17 54 25
17 28 26
22 1 17
22 0 104
23 1 17
23 0 91
24 1 17
24 0 90
25 1 17
25 0 89
26 54 27
26 44 28
26 32 29
26 51 30
26 155 31
26 65 17
27 1 26
27 0 88
28 1 26
28 0 75
29 1 26
29 0 74
30 1 26
30 0 73
31 54 32
31 44 33
31 32 34
31 51 35
31 155 36
31 65 17
32 1 31
32 0 72
33 1 31
33 0 59
34 1 31
34 0 58
35 1 31
35 0 57
36 54 37
36 44 38
36 32 39
36 51 40
36 155 26
36 65 17
37 1 36
37 0 56
38 1 36
38 0 43
39 1 36
39 0 42
40 1 36
40 0 41
41 1 36
42 1 36
43 1 36
43 101 44
44 1 36
44 108 46
44 156 45
44 130 43
45 1 36
45 108 50
45 156 49
45 130 43
46 1 36
46 157 47
46 124 44
47 1 36
47 157 48
47 124 44
48 1 36
48 157 46
48 124 44
49 1 36
49 108 53
49 156 44
49 130 43
50 1 36
50 157 51
50 124 45
51 1 36
51 157 52
51 124 45
52 1 36
52 157 50
52 124 45
53 1 36
53 157 54
53 124 49
54 1 36
54 157 55
54 124 49
55 1 36
55 157 53
55 124 49
56 1 36
57 1 31
58 1 31
59 1 31
59 101 60
60 1 31
60 108 62
60 156 61
60 130 59
61 1 31
61 108 66
61 156 65
61 130 59
62 1 31
62 157 63
62 124 60
63 1 31
63 157 64
63 124 60
64 1 31
64 157 62
64 124 60
65 1 31
65 108 69
65 156 60
65 130 59
66 1 31
66 157 67
66 124 61
67 1 31
67 157 68
67 124 61
68 1 31
68 157 66
68 124 61
69 1 31
69 157 70
69 124 65
70 1 31
70 157 71
70 124 65
71 1 31
71 157 69
71 124 65
72 1 31
73 1 26
74 1 26
75 1 26
75 101 76
76 1 26
76 108 78
76 156 77
76 130 75
77 1 26
77 108 82
77 156 81
77 130 75
78 1 26
78 157 79
78 124 76
79 1 26
79 157 80
79 124 76
80 1 26
80 157 78
80 124 76
81 1 26
81 108 85
81 156 76
81 130 75
82 1 26
82 157 83
82 124 77
83 1 26
83 157 84
83 124 77
84 1 26
84 157 82
84 124 77
85 1 26
85 157 86
85 124 81
86 1 26
86 157 87
86 124 81
87 1 26
87 157 85
87 124 81
88 1 26
89 1 17
90 1 17
91 1 17
91 101 92
92 1 17
92 108 94
92 156 93
92 130 91
93 1 17
93 108 98
93 156 97
93 130 91
94 1 17
94 157 95
94 124 92
95 1 17
95 157 96
95 124 92
96 1 17
96 157 94
96 124 92
97 1 17
97 108 101
97 156 92
97 130 91
98 1 17
98 157 99
98 124 93
99 1 17
99 157 100
99 124 93
100 1 17
100 157 98
100 124 93
101 1 17
101 157 102
101 124 97
102 1 17
102 157 103
102 124 97
103 1 17
103 157 101
103 124 97
104 1 17
