# Format: <source_state_id> <instruction_id> <target_state_id>
0 0 1
15 52 20
15 48 21
15 41 22
15 38 23
15 31 24
20 1 15
20 0 110
21 1 15
21 0 109
22 1 15
22 0 106
23 1 15
23 0 93
24 52 25
24 48 26
24 41 27
24 38 28
24 159 29
24 63 15
25 1 24
25 0 92
26 1 24
26 0 91
27 1 24
27 0 88
28 1 24
28 0 75
29 52 30
29 48 31
29 41 32
29 38 33
29 159 34
29 63 15
30 1 29
30 0 74
31 1 29
31 0 73
32 1 29
32 0 70
33 1 29
33 0 57
34 52 35
34 48 36
34 41 37
34 38 38
34 159 24
34 63 15
35 1 34
35 0 56
36 1 34
36 0 55
37 1 34
37 0 52
38 1 34
38 0 39
39 1 34
39 83 40
40 1 34
40 160 41
40 90 42
40 112 39
41 1 34
41 160 45
41 90 46
41 112 39
42 1 34
42 161 43
42 106 40
43 1 34
43 161 44
43 106 40
44 1 34
44 161 42
44 106 40
45 1 34
45 90 49
45 160 40
45 112 39
46 1 34
46 161 47
46 106 41
47 1 34
47 161 48
47 106 41
48 1 34
48 161 46
48 106 41
49 1 34
49 161 50
49 106 45
50 1 34
50 161 51
50 106 45
51 1 34
51 161 49
51 106 45
52 1 34
52 121 53
53 1 52
53 0 54
54 1 52
55 1 34
56 1 34
57 1 29
57 83 58
58 1 29
58 160 59
58 90 60
58 112 57
59 1 29
59 160 63
59 90 64
59 112 57
60 1 29
60 161 61
60 106 58
61 1 29
61 161 62
61 106 58
62 1 29
62 161 60
62 106 58
63 1 29
63 90 67
63 160 58
63 112 57
64 1 29
64 161 65
64 106 59
65 1 29
65 161 66
65 106 59
66 1 29
66 161 64
66 106 59
67 1 29
67 161 68
67 106 63
68 1 29
68 161 69
68 106 63
69 1 29
69 161 67
69 106 63
70 1 29
70 121 71
71 1 70
71 0 72
72 1 70
73 1 29
74 1 29
75 1 24
75 83 76
76 1 24
76 160 77
76 90 78
76 112 75
77 1 24
77 160 81
77 90 82
77 112 75
78 1 24
78 161 79
78 106 76
79 1 24
79 161 80
79 106 76
80 1 24
80 161 78
80 106 76
81 1 24
81 90 85
81 160 76
81 112 75
82 1 24
82 161 83
82 106 77
83 1 24
83 161 84
83 106 77
84 1 24
84 161 82
84 106 77
85 1 24
85 161 86
85 106 81
86 1 24
86 161 87
86 106 81
87 1 24
87 161 85
87 106 81
88 1 24
88 121 89
89 1 88
89 0 90
90 1 88
91 1 24
92 1 24
93 1 15
93 83 94
94 1 15
94 160 95
94 90 96
94 112 93
95 1 15
95 160 99
95 90 100
95 112 93
96 1 15
96 161 97
96 106 94
97 1 15
97 161 98
97 106 94
98 1 15
98 161 96
98 106 94
99 1 15
99 90 103
99 160 94
99 112 93
100 1 15
100 161 101
100 106 95
101 1 15
101 161 102
101 106 95
102 1 15
102 161 100
102 106 95
103 1 15
103 161 104
103 106 99
104 1 15
104 161 105
104 106 99
105 1 15
105 161 103
105 106 99
106 1 15
106 121 107
107 1 106
107 0 108
108 1 106
109 1 15
110 1 15
