# Format: <source_state_id> <instruction_id> <target_state_id>
0 0 1
12 45 20
12 29 21
12 25 22
20 1 12
20 0 74
21 1 12
21 0 73
22 45 23
22 29 24
22 108 25
22 61 12
23 1 22
23 0 60
24 1 22
24 0 59
25 45 26
25 29 27
25 108 28
25 61 12
26 1 25
26 0 46
27 1 25
27 0 45
28 45 29
28 29 30
28 108 22
28 61 12
29 1 28
29 0 32
30 1 28
30 0 31
31 1 28
32 1 28
32 77 33
33 1 28
33 109 34
33 84 35
33 106 32
34 1 28
34 109 38
34 84 39
34 106 32
35 1 28
35 110 36
35 100 33
36 1 28
36 110 37
36 100 33
37 1 28
37 110 35
37 100 33
38 1 28
38 84 42
38 109 33
38 106 32
39 1 28
39 110 40
39 100 34
40 1 28
40 110 41
40 100 34
41 1 28
41 110 39
41 100 34
42 1 28
42 110 43
42 100 38
43 1 28
43 110 44
43 100 38
44 1 28
44 110 42
44 100 38
45 1 25
46 1 25
46 77 47
47 1 25
47 109 48
47 84 49
47 106 46
48 1 25
48 109 52
48 84 53
48 106 46
49 1 25
49 110 50
49 100 47
50 1 25
50 110 51
50 100 47
51 1 25
51 110 49
51 100 47
52 1 25
52 84 56
52 109 47
52 106 46
53 1 25
53 110 54
53 100 48
54 1 25
54 110 55
54 100 48
55 1 25
55 110 53
55 100 48
56 1 25
56 110 57
56 100 52
57 1 25
57 110 58
57 100 52
58 1 25
58 110 56
58 100 52
59 1 22
60 1 22
60 77 61
61 1 22
61 109 62
61 84 63
61 106 60
62 1 22
62 109 66
62 84 67
62 106 60
63 1 22
63 110 64
63 100 61
64 1 22
64 110 65
64 100 61
65 1 22
65 110 63
65 100 61
66 1 22
66 84 70
66 109 61
66 106 60
67 1 22
67 110 68
67 100 62
68 1 22
68 110 69
68 100 62
69 1 22
69 110 67
69 100 62
70 1 22
70 110 71
70 100 66
71 1 22
71 110 72
71 100 66
72 1 22
72 110 70
72 100 66
73 1 12
74 1 12
74 77 75
75 1 12
75 109 76
75 84 77
75 106 74
76 1 12
76 109 80
76 84 81
76 106 74
77 1 12
77 110 78
77 100 75
78 1 12
78 110 79
78 100 75
79 1 12
79 110 77
79 100 75
80 1 12
80 84 84
80 109 75
80 106 74
81 1 12
81 110 82
81 100 76
82 1 12
82 110 83
82 100 76
83 1 12
83 110 81
83 100 76
84 1 12
84 110 85
84 100 80
85 1 12
85 110 86
85 100 80
86 1 12
86 110 84
86 100 80
