# Format: <source_state_id> <instruction_id> <target_state_id>
0 0 1
19 49 22
19 36 23
19 32 24
22 1 19
22 0 229
23 1 19
23 0 228
24 49 25
24 36 26
24 168 27
24 57 28
24 105 19
25 1 24
25 0 215
26 1 24
26 0 214
27 49 79
27 36 80
27 168 81
27 57 82
27 105 19
28 169 31
28 49 29
28 36 30
28 75 24
29 1 28
29 0 66
30 1 28
30 0 65
31 169 34
31 49 32
31 36 33
31 75 24
32 1 31
32 0 52
33 1 31
33 0 51
34 169 28
34 49 35
34 36 36
34 75 24
35 1 34
35 0 38
36 1 34
36 0 37
37 1 34
38 1 34
38 137 39
39 171 40
39 1 34
39 144 41
39 166 38
40 171 44
40 1 34
40 144 45
40 166 38
41 1 34
41 172 42
41 160 39
42 1 34
42 172 43
42 160 39
43 1 34
43 172 41
43 160 39
44 1 34
44 144 48
44 171 39
44 166 38
45 1 34
45 172 46
45 160 40
46 1 34
46 172 47
46 160 40
47 1 34
47 172 45
47 160 40
48 1 34
48 172 49
48 160 44
49 1 34
49 172 50
49 160 44
50 1 34
50 172 48
50 160 44
51 1 31
52 1 31
52 137 53
53 171 54
53 1 31
53 144 55
53 166 52
54 171 58
54 1 31
54 144 59
54 166 52
55 1 31
55 172 56
55 160 53
56 1 31
56 172 57
56 160 53
57 1 31
57 172 55
57 160 53
58 1 31
58 144 62
58 171 53
58 166 52
59 1 31
59 172 60
59 160 54
60 1 31
60 172 61
60 160 54
61 1 31
61 172 59
61 160 54
62 1 31
62 172 63
62 160 58
63 1 31
63 172 64
63 160 58
64 1 31
64 172 62
64 160 58
65 1 28
66 1 28
66 137 67
67 171 68
67 1 28
67 144 69
67 166 66
68 171 72
68 1 28
68 144 73
68 166 66
69 1 28
69 172 70
69 160 67
70 1 28
70 172 71
70 160 67
71 1 28
71 172 69
71 160 67
72 1 28
72 144 76
72 171 67
72 166 66
73 1 28
73 172 74
73 160 68
74 1 28
74 172 75
74 160 68
75 1 28
75 172 73
75 160 68
76 1 28
76 172 77
76 160 72
77 1 28
77 172 78
77 160 72
78 1 28
78 172 76
78 160 72
79 1 27
79 0 201
80 1 27
80 0 200
81 49 133
81 36 134
81 57 135
81 168 24
81 105 19
82 169 85
82 49 83
82 36 84
82 75 27
83 1 82
83 0 120
84 1 82
84 0 119
85 169 88
85 49 86
85 36 87
85 75 27
86 1 85
86 0 106
87 1 85
87 0 105
88 169 82
88 49 89
88 36 90
88 75 27
89 1 88
89 0 92
90 1 88
90 0 91
91 1 88
92 1 88
92 137 93
93 171 94
93 1 88
93 144 95
93 166 92
94 171 98
94 1 88
94 144 99
94 166 92
95 1 88
95 172 96
95 160 93
96 1 88
96 172 97
96 160 93
97 1 88
97 172 95
97 160 93
98 1 88
98 144 102
98 171 93
98 166 92
99 1 88
99 172 100
99 160 94
100 1 88
100 172 101
100 160 94
101 1 88
101 172 99
101 160 94
102 1 88
102 172 103
102 160 98
103 1 88
103 172 104
103 160 98
104 1 88
104 172 102
104 160 98
105 1 85
106 1 85
106 137 107
107 171 108
107 1 85
107 144 109
107 166 106
108 171 112
108 1 85
108 144 113
108 166 106
109 1 85
109 172 110
109 160 107
110 1 85
110 172 111
110 160 107
111 1 85
111 172 109
111 160 107
112 1 85
112 144 116
112 171 107
112 166 106
113 1 85
113 172 114
113 160 108
114 1 85
114 172 115
114 160 108
115 1 85
115 172 113
115 160 108
116 1 85
116 172 117
116 160 112
117 1 85
117 172 118
117 160 112
118 1 85
118 172 116
118 160 112
119 1 82
120 1 82
120 137 121
121 171 122
121 1 82
121 144 123
121 166 120
122 171 126
122 1 82
122 144 127
122 166 120
123 1 82
123 172 124
123 160 121
124 1 82
124 172 125
124 160 121
125 1 82
125 172 123
125 160 121
126 1 82
126 144 130
126 171 121
126 166 120
127 1 82
127 172 128
127 160 122
128 1 82
128 172 129
128 160 122
129 1 82
129 172 127
129 160 122
130 1 82
130 172 131
130 160 126
131 1 82
131 172 132
131 160 126
132 1 82
132 172 130
132 160 126
133 1 81
133 0 187
134 1 81
134 0 186
135 169 138
135 49 136
135 36 137
135 75 81
136 1 135
136 0 173
137 1 135
137 0 172
138 169 141
138 49 139
138 36 140
138 75 81
139 1 138
139 0 159
140 1 138
140 0 158
141 169 135
141 49 142
141 36 143
141 75 81
142 1 141
142 0 145
143 1 141
143 0 144
144 1 141
145 1 141
145 137 146
146 171 147
146 1 141
146 144 148
146 166 145
147 171 151
147 1 141
147 144 152
147 166 145
148 1 141
148 172 149
148 160 146
149 1 141
149 172 150
149 160 146
150 1 141
150 172 148
150 160 146
151 1 141
151 144 155
151 171 146
151 166 145
152 1 141
152 172 153
152 160 147
153 1 141
153 172 154
153 160 147
154 1 141
154 172 152
154 160 147
155 1 141
155 172 156
155 160 151
156 1 141
156 172 157
156 160 151
157 1 141
157 172 155
157 160 151
158 1 138
159 1 138
159 137 160
160 171 161
160 1 138
160 144 162
160 166 159
161 171 165
161 1 138
161 144 166
161 166 159
162 1 138
162 172 163
162 160 160
163 1 138
163 172 164
163 160 160
164 1 138
164 172 162
164 160 160
165 1 138
165 144 169
165 171 160
165 166 159
166 1 138
166 172 167
166 160 161
167 1 138
167 172 168
167 160 161
168 1 138
168 172 166
168 160 161
169 1 138
169 172 170
169 160 165
170 1 138
170 172 171
170 160 165
171 1 138
171 172 169
171 160 165
172 1 135
173 1 135
173 137 174
174 171 175
174 1 135
174 144 176
174 166 173
175 171 179
175 1 135
175 144 180
175 166 173
176 1 135
176 172 177
176 160 174
177 1 135
177 172 178
177 160 174
178 1 135
178 172 176
178 160 174
179 1 135
179 144 183
179 171 174
179 166 173
180 1 135
180 172 181
180 160 175
181 1 135
181 172 182
181 160 175
182 1 135
182 172 180
182 160 175
183 1 135
183 172 184
183 160 179
184 1 135
184 172 185
184 160 179
185 1 135
185 172 183
185 160 179
186 1 81
187 1 81
187 137 188
188 171 189
188 1 81
188 144 190
188 166 187
189 171 193
189 1 81
189 144 194
189 166 187
190 1 81
190 172 191
190 160 188
191 1 81
191 172 192
191 160 188
192 1 81
192 172 190
192 160 188
193 1 81
193 144 197
193 171 188
193 166 187
194 1 81
194 172 195
194 160 189
195 1 81
195 172 196
195 160 189
196 1 81
196 172 194
196 160 189
197 1 81
197 172 198
197 160 193
198 1 81
198 172 199
198 160 193
199 1 81
199 172 197
199 160 193
200 1 27
201 1 27
201 137 202
202 171 203
202 1 27
202 144 204
202 166 201
203 171 207
203 1 27
203 144 208
203 166 201
204 1 27
204 172 205
204 160 202
205 1 27
205 172 206
205 160 202
206 1 27
206 172 204
206 160 202
207 1 27
207 144 211
207 171 202
207 166 201
208 1 27
208 172 209
208 160 203
209 1 27
209 172 210
209 160 203
210 1 27
210 172 208
210 160 203
211 1 27
211 172 212
211 160 207
212 1 27
212 172 213
212 160 207
213 1 27
213 172 211
213 160 207
214 1 24
215 1 24
215 137 216
216 171 217
216 1 24
216 144 218
216 166 215
217 171 221
217 1 24
217 144 222
217 166 215
218 1 24
218 172 219
218 160 216
219 1 24
219 172 220
219 160 216
220 1 24
220 172 218
220 160 216
221 1 24
221 144 225
221 171 216
221 166 215
222 1 24
222 172 223
222 160 217
223 1 24
223 172 224
223 160 217
224 1 24
224 172 222
224 160 217
225 1 24
225 172 226
225 160 221
226 1 24
226 172 227
226 160 221
227 1 24
227 172 225
227 160 221
228 1 19
229 1 19
229 137 230
230 171 231
230 1 19
230 144 232
230 166 229
231 171 235
231 1 19
231 144 236
231 166 229
232 1 19
232 172 233
232 160 230
233 1 19
233 172 234
233 160 230
234 1 19
234 172 232
234 160 230
235 1 19
235 144 239
235 171 230
235 166 229
236 1 19
236 172 237
236 160 231
237 1 19
237 172 238
237 160 231
238 1 19
238 172 236
238 160 231
239 1 19
239 172 240
239 160 235
240 1 19
240 172 241
240 160 235
241 1 19
241 172 239
241 160 235
