# Format: <source_state_id> <instruction_id> <target_state_id>
0 0 1
8 44 20
8 41 21
8 28 22
8 24 23
20 1 8
20 0 60
21 1 8
21 0 57
22 1 8
22 0 56
23 44 24
23 41 25
23 28 26
23 86 27
23 51 8
24 1 23
24 0 53
25 1 23
25 0 50
26 1 23
26 0 49
27 44 28
27 41 29
27 28 30
27 86 31
27 51 8
28 1 27
28 0 46
29 1 27
29 0 43
30 1 27
30 0 42
31 44 32
31 41 33
31 28 34
31 86 23
31 51 8
32 1 31
32 0 39
33 1 31
33 0 36
34 1 31
34 0 35
35 1 31
36 1 31
36 60 37
37 1 36
37 0 38
38 1 36
39 1 31
39 68 40
40 1 39
40 0 41
41 1 39
42 1 27
43 1 27
43 60 44
44 1 43
44 0 45
45 1 43
46 1 27
46 68 47
47 1 46
47 0 48
48 1 46
49 1 23
50 1 23
50 60 51
51 1 50
51 0 52
52 1 50
53 1 23
53 68 54
54 1 53
54 0 55
55 1 53
56 1 8
57 1 8
57 60 58
58 1 57
58 0 59
59 1 57
60 1 8
60 68 61
61 1 60
61 0 62
62 1 60
