# Format: <source_state_id> <instruction_id> <target_state_id>
0 0 1
6 70 20
6 46 21
6 25 22
20 1 6
20 0 83
21 1 6
21 0 82
22 46 23
22 108 24
22 70 25
22 31 26
22 105 6
23 1 22
23 0 81
24 46 42
24 108 43
24 70 44
24 31 45
24 105 6
25 1 22
25 0 41
26 46 27
26 70 28
26 109 29
26 44 22
27 1 26
27 0 40
28 1 26
28 0 39
29 46 30
29 70 31
29 109 32
29 44 22
30 1 29
30 0 38
31 1 29
31 0 37
32 46 33
32 70 34
32 109 26
32 44 22
33 1 32
33 0 36
34 1 32
34 0 35
35 1 32
36 1 32
37 1 29
38 1 29
39 1 26
40 1 26
41 1 22
42 1 24
42 0 80
43 46 61
43 70 62
43 31 63
43 108 22
43 105 6
44 1 24
44 0 60
45 46 46
45 70 47
45 109 48
45 44 24
46 1 45
46 0 59
47 1 45
47 0 58
48 46 49
48 70 50
48 109 51
48 44 24
49 1 48
49 0 57
50 1 48
50 0 56
51 46 52
51 70 53
51 109 45
51 44 24
52 1 51
52 0 55
53 1 51
53 0 54
54 1 51
55 1 51
56 1 48
57 1 48
58 1 45
59 1 45
60 1 24
61 1 43
61 0 79
62 1 43
62 0 78
63 46 64
63 70 65
63 109 66
63 44 43
64 1 63
64 0 77
65 1 63
65 0 76
66 46 67
66 70 68
66 109 69
66 44 43
67 1 66
67 0 75
68 1 66
68 0 74
69 46 70
69 70 71
69 109 63
69 44 43
70 1 69
70 0 73
71 1 69
71 0 72
72 1 69
73 1 69
74 1 66
75 1 66
76 1 63
77 1 63
78 1 43
79 1 43
80 1 24
81 1 22
82 1 6
83 1 6
