# Format: <source_state_id> <instruction_id> <target_state_id>
0 0 1
10 33 20
10 32 21
10 18 22
20 1 10
20 0 86
21 1 10
21 0 73
22 33 23
22 32 24
22 103 25
22 43 10
23 1 22
23 0 72
24 1 22
24 0 59
25 33 26
25 32 27
25 103 28
25 43 10
26 1 25
26 0 58
27 1 25
27 0 45
28 33 29
28 32 30
28 103 22
28 43 10
29 1 28
29 0 44
30 1 28
30 0 31
31 1 28
31 59 32
32 104 33
32 1 28
32 66 34
32 88 31
33 104 37
33 1 28
33 66 38
33 88 31
34 1 28
34 105 35
34 82 32
35 1 28
35 105 36
35 82 32
36 1 28
36 105 34
36 82 32
37 1 28
37 66 41
37 104 32
37 88 31
38 1 28
38 105 39
38 82 33
39 1 28
39 105 40
39 82 33
40 1 28
40 105 38
40 82 33
41 1 28
41 105 42
41 82 37
42 1 28
42 105 43
42 82 37
43 1 28
43 105 41
43 82 37
44 1 28
45 1 25
45 59 46
46 104 47
46 1 25
46 66 48
46 88 45
47 104 51
47 1 25
47 66 52
47 88 45
48 1 25
48 105 49
48 82 46
49 1 25
49 105 50
49 82 46
50 1 25
50 105 48
50 82 46
51 1 25
51 66 55
51 104 46
51 88 45
52 1 25
52 105 53
52 82 47
53 1 25
53 105 54
53 82 47
54 1 25
54 105 52
54 82 47
55 1 25
55 105 56
55 82 51
56 1 25
56 105 57
56 82 51
57 1 25
57 105 55
57 82 51
58 1 25
59 1 22
59 59 60
60 104 61
60 1 22
60 66 62
60 88 59
61 104 65
61 1 22
61 66 66
61 88 59
62 1 22
62 105 63
62 82 60
63 1 22
63 105 64
63 82 60
64 1 22
64 105 62
64 82 60
65 1 22
65 66 69
65 104 60
65 88 59
66 1 22
66 105 67
66 82 61
67 1 22
67 105 68
67 82 61
68 1 22
68 105 66
68 82 61
69 1 22
69 105 70
69 82 65
70 1 22
70 105 71
70 82 65
71 1 22
71 105 69
71 82 65
72 1 22
73 1 10
73 59 74
74 104 75
74 1 10
74 66 76
74 88 73
75 104 79
75 1 10
75 66 80
75 88 73
76 1 10
76 105 77
76 82 74
77 1 10
77 105 78
77 82 74
78 1 10
78 105 76
78 82 74
79 1 10
79 66 83
79 104 74
79 88 73
80 1 10
80 105 81
80 82 75
81 1 10
81 105 82
81 82 75
82 1 10
82 105 80
82 82 75
83 1 10
83 105 84
83 82 79
84 1 10
84 105 85
84 82 79
85 1 10
85 105 83
85 82 79
86 1 10
