# Format: <source_state_id> <instruction_id> <target_state_id>
0 0 1
15 29 20
15 25 21
15 18 22
20 1 15
20 0 66
21 1 15
21 0 61
22 25 23
22 29 24
22 120 25
22 39 15
23 1 22
23 0 56
24 1 22
24 0 51
25 25 26
25 29 27
25 120 28
25 39 15
26 1 25
26 0 46
27 1 25
27 0 41
28 25 29
28 29 30
28 120 22
28 39 15
29 1 28
29 0 36
30 1 28
30 0 31
31 1 28
31 81 32
31 77 33
32 1 31
32 0 35
33 1 31
33 0 34
34 1 31
35 1 31
36 1 28
36 58 37
36 55 38
37 1 36
37 0 40
38 1 36
38 0 39
39 1 36
40 1 36
41 1 25
41 81 42
41 77 43
42 1 41
42 0 45
43 1 41
43 0 44
44 1 41
45 1 41
46 1 25
46 58 47
46 55 48
47 1 46
47 0 50
48 1 46
48 0 49
49 1 46
50 1 46
51 1 22
51 81 52
51 77 53
52 1 51
52 0 55
53 1 51
53 0 54
54 1 51
55 1 51
56 1 22
56 58 57
56 55 58
57 1 56
57 0 60
58 1 56
58 0 59
59 1 56
60 1 56
61 1 15
61 58 62
61 55 63
62 1 61
62 0 65
63 1 61
63 0 64
64 1 61
65 1 61
66 1 15
66 81 67
66 77 68
67 1 66
67 0 70
68 1 66
68 0 69
69 1 66
70 1 66
