# Format: <source_state_id> <instruction_id> <target_state_id>
0 0 1
12 36 20
12 30 21
12 28 22
12 39 23
12 26 24
12 18 25
20 1 12
20 0 110
21 1 12
21 0 97
22 1 12
22 0 96
23 1 12
23 0 95
24 1 12
24 0 94
25 36 26
25 30 27
25 28 28
25 39 29
25 26 30
25 135 31
25 50 12
26 1 25
26 0 93
27 1 25
27 0 80
28 1 25
28 0 79
29 1 25
29 0 78
30 1 25
30 0 77
31 36 32
31 30 33
31 28 34
31 39 35
31 26 36
31 135 37
31 50 12
32 1 31
32 0 76
33 1 31
33 0 63
34 1 31
34 0 62
35 1 31
35 0 61
36 1 31
36 0 60
37 36 38
37 30 39
37 28 40
37 39 41
37 26 42
37 135 25
37 50 12
38 1 37
38 0 59
39 1 37
39 0 46
40 1 37
40 0 45
41 1 37
41 0 44
42 1 37
42 0 43
43 1 37
44 1 37
45 1 37
46 1 37
46 82 47
47 1 37
47 136 48
47 89 49
47 111 46
48 1 37
48 136 52
48 89 53
48 111 46
49 137 50
49 1 37
49 105 47
50 137 51
50 1 37
50 105 47
51 137 49
51 1 37
51 105 47
52 1 37
52 89 56
52 136 47
52 111 46
53 137 54
53 1 37
53 105 48
54 137 55
54 1 37
54 105 48
55 137 53
55 1 37
55 105 48
56 137 57
56 1 37
56 105 52
57 137 58
57 1 37
57 105 52
58 137 56
58 1 37
58 105 52
59 1 37
60 1 31
61 1 31
62 1 31
63 1 31
63 82 64
64 1 31
64 136 65
64 89 66
64 111 63
65 1 31
65 136 69
65 89 70
65 111 63
66 137 67
66 1 31
66 105 64
67 137 68
67 1 31
67 105 64
68 137 66
68 1 31
68 105 64
69 1 31
69 89 73
69 136 64
69 111 63
70 137 71
70 1 31
70 105 65
71 137 72
71 1 31
71 105 65
72 137 70
72 1 31
72 105 65
73 137 74
73 1 31
73 105 69
74 137 75
74 1 31
74 105 69
75 137 73
75 1 31
75 105 69
76 1 31
77 1 25
78 1 25
79 1 25
80 1 25
80 82 81
81 1 25
81 136 82
81 89 83
81 111 80
82 1 25
82 136 86
82 89 87
82 111 80
83 137 84
83 1 25
83 105 81
84 137 85
84 1 25
84 105 81
85 137 83
85 1 25
85 105 81
86 1 25
86 89 90
86 136 81
86 111 80
87 137 88
87 1 25
87 105 82
88 137 89
88 1 25
88 105 82
89 137 87
89 1 25
89 105 82
90 137 91
90 1 25
90 105 86
91 137 92
91 1 25
91 105 86
92 137 90
92 1 25
92 105 86
93 1 25
94 1 12
95 1 12
96 1 12
97 1 12
97 82 98
98 1 12
98 136 99
98 89 100
98 111 97
99 1 12
99 136 103
99 89 104
99 111 97
100 137 101
100 1 12
100 105 98
101 137 102
101 1 12
101 105 98
102 137 100
102 1 12
102 105 98
103 1 12
103 89 107
103 136 98
103 111 97
104 137 105
104 1 12
104 105 99
105 137 106
105 1 12
105 105 99
106 137 104
106 1 12
106 105 99
107 137 108
107 1 12
107 105 103
108 137 109
108 1 12
108 105 103
109 137 107
109 1 12
109 105 103
110 1 12
