# Format: <source_state_id> <instruction_id> <target_state_id>
0 0 1
9 35 20
9 28 21
20 1 9
20 0 66
21 35 22
21 120 23
21 68 9
22 1 21
22 0 53
23 35 24
23 120 25
23 68 9
24 1 23
24 0 40
25 35 26
25 120 21
25 68 9
26 1 25
26 0 27
27 1 25
27 88 28
28 1 25
28 121 29
28 95 30
28 117 27
29 1 25
29 121 33
29 95 34
29 117 27
30 1 25
30 122 31
30 111 28
31 1 25
31 122 32
31 111 28
32 1 25
32 122 30
32 111 28
33 1 25
33 95 37
33 121 28
33 117 27
34 1 25
34 122 35
34 111 29
35 1 25
35 122 36
35 111 29
36 1 25
36 122 34
36 111 29
37 1 25
37 122 38
37 111 33
38 1 25
38 122 39
38 111 33
39 1 25
39 122 37
39 111 33
40 1 23
40 88 41
41 1 23
41 121 42
41 95 43
41 117 40
42 1 23
42 121 46
42 95 47
42 117 40
43 1 23
43 122 44
43 111 41
44 1 23
44 122 45
44 111 41
45 1 23
45 122 43
45 111 41
46 1 23
46 95 50
46 121 41
46 117 40
47 1 23
47 122 48
47 111 42
48 1 23
48 122 49
48 111 42
49 1 23
49 122 47
49 111 42
50 1 23
50 122 51
50 111 46
51 1 23
51 122 52
51 111 46
52 1 23
52 122 50
52 111 46
53 1 21
53 88 54
54 1 21
54 121 55
54 95 56
54 117 53
55 1 21
55 121 59
55 95 60
55 117 53
56 1 21
56 122 57
56 111 54
57 1 21
57 122 58
57 111 54
58 1 21
58 122 56
58 111 54
59 1 21
59 95 63
59 121 54
59 117 53
60 1 21
60 122 61
60 111 55
61 1 21
61 122 62
61 111 55
62 1 21
62 122 60
62 111 55
63 1 21
63 122 64
63 111 59
64 1 21
64 122 65
64 111 59
65 1 21
65 122 63
65 111 59
66 1 9
66 88 67
67 1 9
67 121 68
67 95 69
67 117 66
68 1 9
68 121 72
68 95 73
68 117 66
69 1 9
69 122 70
69 111 67
70 1 9
70 122 71
70 111 67
71 1 9
71 122 69
71 111 67
72 1 9
72 95 76
72 121 67
72 117 66
73 1 9
73 122 74
73 111 68
74 1 9
74 122 75
74 111 68
75 1 9
75 122 73
75 111 68
76 1 9
76 122 77
76 111 72
77 1 9
77 122 78
77 111 72
78 1 9
78 122 76
78 111 72
