# Format: <source_state_id> <instruction_id> <target_state_id>
0 0 1
12 59 22
12 46 23
12 45 24
12 35 25
12 31 26
22 1 12
22 0 56
23 1 12
23 0 55
24 1 12
24 0 54
25 1 12
25 0 53
26 59 27
26 46 28
26 45 29
26 35 30
26 86 31
26 67 12
27 1 26
27 0 52
28 1 26
28 0 51
29 1 26
29 0 50
30 1 26
30 0 49
31 59 32
31 46 33
31 45 34
31 35 35
31 86 36
31 67 12
32 1 31
32 0 48
33 1 31
33 0 47
34 1 31
34 0 46
35 1 31
35 0 45
36 59 37
36 46 38
36 45 39
36 35 40
36 86 26
36 67 12
37 1 36
37 0 44
38 1 36
38 0 43
39 1 36
39 0 42
40 1 36
40 0 41
41 1 36
42 1 36
43 1 36
44 1 36
45 1 31
46 1 31
47 1 31
48 1 31
49 1 26
50 1 26
51 1 26
52 1 26
53 1 12
54 1 12
55 1 12
56 1 12
