# Format: <source_state_id> <instruction_id> <target_state_id>
0 0 1
9 35 20
9 28 21
20 1 9
20 0 66
21 35 22
21 117 23
21 65 9
22 1 21
22 0 53
23 35 24
23 117 25
23 65 9
24 1 23
24 0 40
25 35 26
25 117 21
25 65 9
26 1 25
26 0 27
27 1 25
27 85 28
28 1 25
28 118 29
28 92 30
28 114 27
29 1 25
29 118 33
29 92 34
29 114 27
30 1 25
30 119 31
30 108 28
31 1 25
31 119 32
31 108 28
32 1 25
32 119 30
32 108 28
33 1 25
33 92 37
33 118 28
33 114 27
34 1 25
34 119 35
34 108 29
35 1 25
35 119 36
35 108 29
36 1 25
36 119 34
36 108 29
37 1 25
37 119 38
37 108 33
38 1 25
38 119 39
38 108 33
39 1 25
39 119 37
39 108 33
40 1 23
40 85 41
41 1 23
41 118 42
41 92 43
41 114 40
42 1 23
42 118 46
42 92 47
42 114 40
43 1 23
43 119 44
43 108 41
44 1 23
44 119 45
44 108 41
45 1 23
45 119 43
45 108 41
46 1 23
46 92 50
46 118 41
46 114 40
47 1 23
47 119 48
47 108 42
48 1 23
48 119 49
48 108 42
49 1 23
49 119 47
49 108 42
50 1 23
50 119 51
50 108 46
51 1 23
51 119 52
51 108 46
52 1 23
52 119 50
52 108 46
53 1 21
53 85 54
54 1 21
54 118 55
54 92 56
54 114 53
55 1 21
55 118 59
55 92 60
55 114 53
56 1 21
56 119 57
56 108 54
57 1 21
57 119 58
57 108 54
58 1 21
58 119 56
58 108 54
59 1 21
59 92 63
59 118 54
59 114 53
60 1 21
60 119 61
60 108 55
61 1 21
61 119 62
61 108 55
62 1 21
62 119 60
62 108 55
63 1 21
63 119 64
63 108 59
64 1 21
64 119 65
64 108 59
65 1 21
65 119 63
65 108 59
66 1 9
66 85 67
67 1 9
67 118 68
67 92 69
67 114 66
68 1 9
68 118 72
68 92 73
68 114 66
69 1 9
69 119 70
69 108 67
70 1 9
70 119 71
70 108 67
71 1 9
71 119 69
71 108 67
72 1 9
72 92 76
72 118 67
72 114 66
73 1 9
73 119 74
73 108 68
74 1 9
74 119 75
74 108 68
75 1 9
75 119 73
75 108 68
76 1 9
76 119 77
76 108 72
77 1 9
77 119 78
77 108 72
78 1 9
78 119 76
78 108 72
