# Format: <source_state_id> <instruction_id> <target_state_id>
0 0 1
12 25 20
20 84 21
20 31 22
20 56 23
20 81 12
21 84 28
21 31 29
21 56 30
21 81 12
22 85 26
22 45 20
23 86 24
23 72 20
24 86 25
24 72 20
25 86 23
25 72 20
26 85 27
26 45 20
27 85 22
27 45 20
28 31 35
28 56 36
28 84 20
28 81 12
29 85 33
29 45 21
30 86 31
30 72 21
31 86 32
31 72 21
32 86 30
32 72 21
33 85 34
33 45 21
34 85 29
34 45 21
35 85 39
35 45 28
36 86 37
36 72 28
37 86 38
37 72 28
38 86 36
38 72 28
39 85 40
39 45 28
40 85 35
40 45 28
