# Format: <source_state_id> <instruction_id> <target_state_id>
0 0 1
11 59 21
11 54 22
11 41 23
11 40 24
11 39 25
11 32 26
21 1 11
21 0 111
22 1 11
22 0 110
23 1 11
23 0 109
24 1 11
24 0 108
25 1 11
25 0 95
26 59 27
26 54 28
26 41 29
26 40 30
26 39 31
26 156 32
26 71 11
27 1 26
27 0 94
28 1 26
28 0 93
29 1 26
29 0 92
30 1 26
30 0 91
31 1 26
31 0 78
32 59 33
32 54 34
32 41 35
32 40 36
32 39 37
32 156 38
32 71 11
33 1 32
33 0 77
34 1 32
34 0 76
35 1 32
35 0 75
36 1 32
36 0 74
37 1 32
37 0 61
38 59 39
38 54 40
38 41 41
38 40 42
38 39 43
38 156 26
38 71 11
39 1 38
39 0 60
40 1 38
40 0 59
41 1 38
41 0 58
42 1 38
42 0 57
43 1 38
43 0 44
44 1 38
44 87 45
45 1 38
45 157 46
45 94 47
45 116 44
46 1 38
46 157 50
46 94 51
46 116 44
47 1 38
47 158 48
47 110 45
48 1 38
48 158 49
48 110 45
49 1 38
49 158 47
49 110 45
50 94 54
50 1 38
50 157 45
50 116 44
51 1 38
51 158 52
51 110 46
52 1 38
52 158 53
52 110 46
53 1 38
53 158 51
53 110 46
54 1 38
54 158 55
54 110 50
55 1 38
55 158 56
55 110 50
56 1 38
56 158 54
56 110 50
57 1 38
58 1 38
59 1 38
60 1 38
61 1 32
61 87 62
62 1 32
62 157 63
62 94 64
62 116 61
63 1 32
63 157 67
63 94 68
63 116 61
64 1 32
64 158 65
64 110 62
65 1 32
65 158 66
65 110 62
66 1 32
66 158 64
66 110 62
67 94 71
67 1 32
67 157 62
67 116 61
68 1 32
68 158 69
68 110 63
69 1 32
69 158 70
69 110 63
70 1 32
70 158 68
70 110 63
71 1 32
71 158 72
71 110 67
72 1 32
72 158 73
72 110 67
73 1 32
73 158 71
73 110 67
74 1 32
75 1 32
76 1 32
77 1 32
78 1 26
78 87 79
79 1 26
79 157 80
79 94 81
79 116 78
80 1 26
80 157 84
80 94 85
80 116 78
81 1 26
81 158 82
81 110 79
82 1 26
82 158 83
82 110 79
83 1 26
83 158 81
83 110 79
84 94 88
84 1 26
84 157 79
84 116 78
85 1 26
85 158 86
85 110 80
86 1 26
86 158 87
86 110 80
87 1 26
87 158 85
87 110 80
88 1 26
88 158 89
88 110 84
89 1 26
89 158 90
89 110 84
90 1 26
90 158 88
90 110 84
91 1 26
92 1 26
93 1 26
94 1 26
95 1 11
95 87 96
96 1 11
96 157 97
96 94 98
96 116 95
97 1 11
97 157 101
97 94 102
97 116 95
98 1 11
98 158 99
98 110 96
99 1 11
99 158 100
99 110 96
100 1 11
100 158 98
100 110 96
101 94 105
101 1 11
101 157 96
101 116 95
102 1 11
102 158 103
102 110 97
103 1 11
103 158 104
103 110 97
104 1 11
104 158 102
104 110 97
105 1 11
105 158 106
105 110 101
106 1 11
106 158 107
106 110 101
107 1 11
107 158 105
107 110 101
108 1 11
109 1 11
110 1 11
111 1 11
