# Format: <source_state_id> <instruction_id> <target_state_id>
0 0 1
9 45 20
9 31 21
9 27 22
20 1 9
20 0 44
21 1 9
21 0 43
22 31 23
22 45 24
22 71 25
22 52 9
23 1 22
23 0 42
24 1 22
24 0 39
25 31 26
25 45 27
25 71 28
25 52 9
26 1 25
26 0 38
27 1 25
27 0 35
28 31 29
28 45 30
28 71 22
28 52 9
29 1 28
29 0 34
30 1 28
30 0 31
31 1 28
31 61 32
32 1 31
32 0 33
33 1 31
34 1 28
35 1 25
35 61 36
36 1 35
36 0 37
37 1 35
38 1 25
39 1 22
39 61 40
40 1 39
40 0 41
41 1 39
42 1 22
43 1 9
44 1 9
44 61 45
45 1 44
45 0 46
46 1 44
