# Format: <source_state_id> <instruction_id> <target_state_id>
0 0 1
12 51 20
12 45 21
12 42 22
12 39 23
12 28 24
12 24 25
20 1 12
20 0 62
21 1 12
21 0 61
22 1 12
22 0 60
23 1 12
23 0 59
24 1 12
24 0 58
25 51 26
25 45 27
25 42 28
25 39 29
25 28 30
25 96 31
25 59 12
26 1 25
26 0 57
27 1 25
27 0 56
28 1 25
28 0 55
29 1 25
29 0 54
30 1 25
30 0 53
31 51 32
31 45 33
31 42 34
31 39 35
31 28 36
31 96 37
31 59 12
32 1 31
32 0 52
33 1 31
33 0 51
34 1 31
34 0 50
35 1 31
35 0 49
36 1 31
36 0 48
37 51 38
37 45 39
37 42 40
37 39 41
37 28 42
37 96 25
37 59 12
38 1 37
38 0 47
39 1 37
39 0 46
40 1 37
40 0 45
41 1 37
41 0 44
42 1 37
42 0 43
43 1 37
44 1 37
45 1 37
46 1 37
47 1 37
48 1 31
49 1 31
50 1 31
51 1 31
52 1 31
53 1 25
54 1 25
55 1 25
56 1 25
57 1 25
58 1 12
59 1 12
60 1 12
61 1 12
62 1 12
