# Format: <source_state_id> <instruction_id> <target_state_id>
0 0 1
15 83 20
15 79 21
15 32 22
15 28 23
20 1 15
20 0 265
21 1 15
21 0 252
22 1 15
22 0 251
23 79 24
23 32 25
23 83 26
23 148 27
23 41 28
23 93 15
24 1 23
24 0 238
25 1 23
25 0 237
26 1 23
26 0 236
27 79 85
27 32 86
27 83 87
27 148 88
27 41 89
27 93 15
28 83 29
28 79 30
28 32 31
28 149 32
28 58 23
29 1 28
29 0 84
30 1 28
30 0 71
31 1 28
31 0 70
32 83 33
32 79 34
32 32 35
32 149 36
32 58 23
33 1 32
33 0 69
34 1 32
34 0 56
35 1 32
35 0 55
36 83 37
36 79 38
36 32 39
36 149 28
36 58 23
37 1 36
37 0 54
38 1 36
38 0 41
39 1 36
39 0 40
40 1 36
41 1 36
41 109 42
42 1 36
42 116 44
42 151 43
42 138 41
43 1 36
43 116 48
43 151 47
43 138 41
44 1 36
44 152 45
44 132 42
45 1 36
45 152 46
45 132 42
46 1 36
46 152 44
46 132 42
47 1 36
47 116 51
47 151 42
47 138 41
48 1 36
48 152 49
48 132 43
49 1 36
49 152 50
49 132 43
50 1 36
50 152 48
50 132 43
51 1 36
51 152 52
51 132 47
52 1 36
52 152 53
52 132 47
53 1 36
53 152 51
53 132 47
54 1 36
55 1 32
56 1 32
56 109 57
57 1 32
57 116 59
57 151 58
57 138 56
58 1 32
58 116 63
58 151 62
58 138 56
59 1 32
59 152 60
59 132 57
60 1 32
60 152 61
60 132 57
61 1 32
61 152 59
61 132 57
62 1 32
62 116 66
62 151 57
62 138 56
63 1 32
63 152 64
63 132 58
64 1 32
64 152 65
64 132 58
65 1 32
65 152 63
65 132 58
66 1 32
66 152 67
66 132 62
67 1 32
67 152 68
67 132 62
68 1 32
68 152 66
68 132 62
69 1 32
70 1 28
71 1 28
71 109 72
72 1 28
72 116 74
72 151 73
72 138 71
73 1 28
73 116 78
73 151 77
73 138 71
74 1 28
74 152 75
74 132 72
75 1 28
75 152 76
75 132 72
76 1 28
76 152 74
76 132 72
77 1 28
77 116 81
77 151 72
77 138 71
78 1 28
78 152 79
78 132 73
79 1 28
79 152 80
79 132 73
80 1 28
80 152 78
80 132 73
81 1 28
81 152 82
81 132 77
82 1 28
82 152 83
82 132 77
83 1 28
83 152 81
83 132 77
84 1 28
85 1 27
85 0 223
86 1 27
86 0 222
87 1 27
87 0 221
88 79 146
88 32 147
88 41 149
88 93 15
88 83 148
88 148 23
89 83 90
89 79 91
89 32 92
89 149 93
89 58 27
90 1 89
90 0 145
91 1 89
91 0 132
92 1 89
92 0 131
93 83 94
93 79 95
93 32 96
93 149 97
93 58 27
94 1 93
94 0 130
95 1 93
95 0 117
96 1 93
96 0 116
97 83 98
97 79 99
97 32 100
97 149 89
97 58 27
98 1 97
98 0 115
99 1 97
99 0 102
100 1 97
100 0 101
101 1 97
102 1 97
102 109 103
103 1 97
103 116 105
103 151 104
103 138 102
104 1 97
104 116 109
104 151 108
104 138 102
105 1 97
105 152 106
105 132 103
106 1 97
106 152 107
106 132 103
107 1 97
107 152 105
107 132 103
108 1 97
108 116 112
108 151 103
108 138 102
109 1 97
109 152 110
109 132 104
110 1 97
110 152 111
110 132 104
111 1 97
111 152 109
111 132 104
112 1 97
112 152 113
112 132 108
113 1 97
113 152 114
113 132 108
114 1 97
114 152 112
114 132 108
115 1 97
116 1 93
117 1 93
117 109 118
118 1 93
118 116 120
118 151 119
118 138 117
119 1 93
119 116 124
119 151 123
119 138 117
120 1 93
120 152 121
120 132 118
121 1 93
121 152 122
121 132 118
122 1 93
122 152 120
122 132 118
123 1 93
123 116 127
123 151 118
123 138 117
124 1 93
124 152 125
124 132 119
125 1 93
125 152 126
125 132 119
126 1 93
126 152 124
126 132 119
127 1 93
127 152 128
127 132 123
128 1 93
128 152 129
128 132 123
129 1 93
129 152 127
129 132 123
130 1 93
131 1 89
132 1 89
132 109 133
133 1 89
133 116 135
133 151 134
133 138 132
134 1 89
134 116 139
134 151 138
134 138 132
135 1 89
135 152 136
135 132 133
136 1 89
136 152 137
136 132 133
137 1 89
137 152 135
137 132 133
138 1 89
138 116 142
138 151 133
138 138 132
139 1 89
139 152 140
139 132 134
140 1 89
140 152 141
140 132 134
141 1 89
141 152 139
141 132 134
142 1 89
142 152 143
142 132 138
143 1 89
143 152 144
143 132 138
144 1 89
144 152 142
144 132 138
145 1 89
146 1 88
146 0 208
147 1 88
147 0 207
148 1 88
148 0 206
149 83 150
149 79 151
149 32 152
149 149 153
149 58 88
150 1 149
150 0 205
151 1 149
151 0 192
152 1 149
152 0 191
153 83 154
153 79 155
153 32 156
153 149 157
153 58 88
154 1 153
154 0 190
155 1 153
155 0 177
156 1 153
156 0 176
157 83 158
157 79 159
157 32 160
157 149 149
157 58 88
158 1 157
158 0 175
159 1 157
159 0 162
160 1 157
160 0 161
161 1 157
162 1 157
162 109 163
163 1 157
163 116 165
163 151 164
163 138 162
164 1 157
164 116 169
164 151 168
164 138 162
165 1 157
165 152 166
165 132 163
166 1 157
166 152 167
166 132 163
167 1 157
167 152 165
167 132 163
168 1 157
168 116 172
168 151 163
168 138 162
169 1 157
169 152 170
169 132 164
170 1 157
170 152 171
170 132 164
171 1 157
171 152 169
171 132 164
172 1 157
172 152 173
172 132 168
173 1 157
173 152 174
173 132 168
174 1 157
174 152 172
174 132 168
175 1 157
176 1 153
177 1 153
177 109 178
178 1 153
178 116 180
178 151 179
178 138 177
179 1 153
179 116 184
179 151 183
179 138 177
180 1 153
180 152 181
180 132 178
181 1 153
181 152 182
181 132 178
182 1 153
182 152 180
182 132 178
183 1 153
183 116 187
183 151 178
183 138 177
184 1 153
184 152 185
184 132 179
185 1 153
185 152 186
185 132 179
186 1 153
186 152 184
186 132 179
187 1 153
187 152 188
187 132 183
188 1 153
188 152 189
188 132 183
189 1 153
189 152 187
189 132 183
190 1 153
191 1 149
192 1 149
192 109 193
193 1 149
193 116 195
193 151 194
193 138 192
194 1 149
194 116 199
194 151 198
194 138 192
195 1 149
195 152 196
195 132 193
196 1 149
196 152 197
196 132 193
197 1 149
197 152 195
197 132 193
198 1 149
198 116 202
198 151 193
198 138 192
199 1 149
199 152 200
199 132 194
200 1 149
200 152 201
200 132 194
201 1 149
201 152 199
201 132 194
202 1 149
202 152 203
202 132 198
203 1 149
203 152 204
203 132 198
204 1 149
204 152 202
204 132 198
205 1 149
206 1 88
207 1 88
208 1 88
208 109 209
209 1 88
209 116 211
209 151 210
209 138 208
210 1 88
210 116 215
210 151 214
210 138 208
211 1 88
211 152 212
211 132 209
212 1 88
212 152 213
212 132 209
213 1 88
213 152 211
213 132 209
214 1 88
214 116 218
214 151 209
214 138 208
215 1 88
215 152 216
215 132 210
216 1 88
216 152 217
216 132 210
217 1 88
217 152 215
217 132 210
218 1 88
218 152 219
218 132 214
219 1 88
219 152 220
219 132 214
220 1 88
220 152 218
220 132 214
221 1 27
222 1 27
223 1 27
223 109 224
224 1 27
224 116 226
224 151 225
224 138 223
225 1 27
225 116 230
225 151 229
225 138 223
226 1 27
226 152 227
226 132 224
227 1 27
227 152 228
227 132 224
228 1 27
228 152 226
228 132 224
229 1 27
229 116 233
229 151 224
229 138 223
230 1 27
230 152 231
230 132 225
231 1 27
231 152 232
231 132 225
232 1 27
232 152 230
232 132 225
233 1 27
233 152 234
233 132 229
234 1 27
234 152 235
234 132 229
235 1 27
235 152 233
235 132 229
236 1 23
237 1 23
238 1 23
238 109 239
239 1 23
239 116 241
239 151 240
239 138 238
240 1 23
240 116 245
240 151 244
240 138 238
241 1 23
241 152 242
241 132 239
242 1 23
242 152 243
242 132 239
243 1 23
243 152 241
243 132 239
244 1 23
244 116 248
244 151 239
244 138 238
245 1 23
245 152 246
245 132 240
246 1 23
246 152 247
246 132 240
247 1 23
247 152 245
247 132 240
248 1 23
248 152 249
248 132 244
249 1 23
249 152 250
249 132 244
250 1 23
250 152 248
250 132 244
251 1 15
252 1 15
252 109 253
253 1 15
253 116 255
253 151 254
253 138 252
254 1 15
254 116 259
254 151 258
254 138 252
255 1 15
255 152 256
255 132 253
256 1 15
256 152 257
256 132 253
257 1 15
257 152 255
257 132 253
258 1 15
258 116 262
258 151 253
258 138 252
259 1 15
259 152 260
259 132 254
260 1 15
260 152 261
260 132 254
261 1 15
261 152 259
261 132 254
262 1 15
262 152 263
262 132 258
263 1 15
263 152 264
263 132 258
264 1 15
264 152 262
264 132 258
265 1 15
