# Format: <source_state_id> <instruction_id> <target_state_id>
0 0 1
6 45 20
6 25 21
20 1 6
20 0 57
21 45 22
21 121 23
21 31 24
21 118 6
22 1 21
22 0 56
23 45 33
23 121 34
23 31 35
23 118 6
24 45 25
24 122 26
24 44 21
25 1 24
25 0 32
26 45 27
26 122 28
26 44 21
27 1 26
27 0 31
28 45 29
28 122 24
28 44 21
29 1 28
29 0 30
30 1 28
31 1 26
32 1 24
33 1 23
33 0 55
34 45 44
34 31 45
34 121 21
34 118 6
35 45 36
35 122 37
35 44 23
36 1 35
36 0 43
37 45 38
37 122 39
37 44 23
38 1 37
38 0 42
39 45 40
39 122 35
39 44 23
40 1 39
40 0 41
41 1 39
42 1 37
43 1 35
44 1 34
44 0 54
45 45 46
45 122 47
45 44 34
46 1 45
46 0 53
47 45 48
47 122 49
47 44 34
48 1 47
48 0 52
49 45 50
49 122 45
49 44 34
50 1 49
50 0 51
51 1 49
52 1 47
53 1 45
54 1 34
55 1 23
56 1 21
57 1 6
