# Format: <source_state_id> <instruction_id> <target_state_id>
0 0 1
13 48 21
13 35 22
13 28 23
21 1 13
21 0 90
22 1 13
22 0 77
23 48 24
23 35 25
23 157 26
23 58 13
24 1 23
24 0 75
25 1 23
25 0 62
26 48 27
26 35 28
26 157 29
26 58 13
27 1 26
27 0 60
28 1 26
28 0 47
29 48 30
29 35 31
29 157 23
29 58 13
30 1 29
30 0 45
31 1 29
31 0 32
32 1 29
32 74 33
33 1 29
33 158 34
33 81 35
33 103 32
34 1 29
34 158 38
34 81 39
34 103 32
35 1 29
35 159 36
35 97 33
36 1 29
36 159 37
36 97 33
37 1 29
37 159 35
37 97 33
38 1 29
38 81 42
38 158 33
38 103 32
39 1 29
39 159 40
39 97 34
40 1 29
40 159 41
40 97 34
41 1 29
41 159 39
41 97 34
42 1 29
42 159 43
42 97 38
43 1 29
43 159 44
43 97 38
44 1 29
44 159 42
44 97 38
45 1 29
45 152 46
46 1 45
46 0 45
47 1 26
47 74 48
48 1 26
48 158 49
48 81 50
48 103 47
49 1 26
49 158 53
49 81 54
49 103 47
50 1 26
50 159 51
50 97 48
51 1 26
51 159 52
51 97 48
52 1 26
52 159 50
52 97 48
53 1 26
53 81 57
53 158 48
53 103 47
54 1 26
54 159 55
54 97 49
55 1 26
55 159 56
55 97 49
56 1 26
56 159 54
56 97 49
57 1 26
57 159 58
57 97 53
58 1 26
58 159 59
58 97 53
59 1 26
59 159 57
59 97 53
60 1 26
60 152 61
61 1 60
61 0 60
62 1 23
62 74 63
63 1 23
63 158 64
63 81 65
63 103 62
64 1 23
64 158 68
64 81 69
64 103 62
65 1 23
65 159 66
65 97 63
66 1 23
66 159 67
66 97 63
67 1 23
67 159 65
67 97 63
68 1 23
68 81 72
68 158 63
68 103 62
69 1 23
69 159 70
69 97 64
70 1 23
70 159 71
70 97 64
71 1 23
71 159 69
71 97 64
72 1 23
72 159 73
72 97 68
73 1 23
73 159 74
73 97 68
74 1 23
74 159 72
74 97 68
75 1 23
75 152 76
76 1 75
76 0 75
77 1 13
77 74 78
78 1 13
78 158 79
78 81 80
78 103 77
79 1 13
79 158 83
79 81 84
79 103 77
80 1 13
80 159 81
80 97 78
81 1 13
81 159 82
81 97 78
82 1 13
82 159 80
82 97 78
83 1 13
83 81 87
83 158 78
83 103 77
84 1 13
84 159 85
84 97 79
85 1 13
85 159 86
85 97 79
86 1 13
86 159 84
86 97 79
87 1 13
87 159 88
87 97 83
88 1 13
88 159 89
88 97 83
89 1 13
89 159 87
89 97 83
90 1 13
90 152 91
91 1 90
91 0 90
