# Format: <source_state_id> <instruction_id> <target_state_id>
0 0 1
9 42 20
9 40 21
9 31 22
9 25 23
9 47 24
9 21 25
20 1 9
20 0 70
21 1 9
21 0 67
22 1 9
22 0 66
23 1 9
23 0 65
24 1 9
24 0 64
25 47 26
25 40 27
25 31 28
25 25 29
25 42 30
25 81 31
25 54 9
26 1 25
26 0 63
27 1 25
27 0 60
28 1 25
28 0 59
29 1 25
29 0 58
30 1 25
30 0 57
31 47 32
31 40 33
31 31 34
31 25 35
31 42 36
31 81 37
31 54 9
32 1 31
32 0 56
33 1 31
33 0 53
34 1 31
34 0 52
35 1 31
35 0 51
36 1 31
36 0 50
37 47 38
37 40 39
37 31 40
37 25 41
37 42 42
37 81 25
37 54 9
38 1 37
38 0 49
39 1 37
39 0 46
40 1 37
40 0 45
41 1 37
41 0 44
42 1 37
42 0 43
43 1 37
44 1 37
45 1 37
46 1 37
46 63 47
47 1 46
47 0 48
48 1 46
49 1 37
50 1 31
51 1 31
52 1 31
53 1 31
53 63 54
54 1 53
54 0 55
55 1 53
56 1 31
57 1 25
58 1 25
59 1 25
60 1 25
60 63 61
61 1 60
61 0 62
62 1 60
63 1 25
64 1 9
65 1 9
66 1 9
67 1 9
67 63 68
68 1 67
68 0 69
69 1 67
70 1 9
