# Format: <source_state_id> <instruction_id> <target_state_id>
0 0 1
14 39 22
14 27 23
14 22 24
22 1 14
22 0 76
23 1 14
23 0 75
24 39 25
24 27 26
24 122 27
24 59 14
25 1 24
25 0 62
26 1 24
26 0 61
27 39 28
27 27 29
27 122 30
27 59 14
28 1 27
28 0 48
29 1 27
29 0 47
30 39 31
30 27 32
30 122 24
30 59 14
31 1 30
31 0 34
32 1 30
32 0 33
33 1 30
34 1 30
34 91 35
35 1 30
35 123 36
35 98 37
35 120 34
36 1 30
36 123 40
36 98 41
36 120 34
37 1 30
37 124 38
37 114 35
38 1 30
38 124 39
38 114 35
39 1 30
39 124 37
39 114 35
40 1 30
40 98 44
40 123 35
40 120 34
41 1 30
41 124 42
41 114 36
42 1 30
42 124 43
42 114 36
43 1 30
43 124 41
43 114 36
44 1 30
44 124 45
44 114 40
45 1 30
45 124 46
45 114 40
46 1 30
46 124 44
46 114 40
47 1 27
48 1 27
48 91 49
49 1 27
49 123 50
49 98 51
49 120 48
50 1 27
50 123 54
50 98 55
50 120 48
51 1 27
51 124 52
51 114 49
52 1 27
52 124 53
52 114 49
53 1 27
53 124 51
53 114 49
54 1 27
54 98 58
54 123 49
54 120 48
55 1 27
55 124 56
55 114 50
56 1 27
56 124 57
56 114 50
57 1 27
57 124 55
57 114 50
58 1 27
58 124 59
58 114 54
59 1 27
59 124 60
59 114 54
60 1 27
60 124 58
60 114 54
61 1 24
62 1 24
62 91 63
63 1 24
63 123 64
63 98 65
63 120 62
64 1 24
64 123 68
64 98 69
64 120 62
65 1 24
65 124 66
65 114 63
66 1 24
66 124 67
66 114 63
67 1 24
67 124 65
67 114 63
68 1 24
68 98 72
68 123 63
68 120 62
69 1 24
69 124 70
69 114 64
70 1 24
70 124 71
70 114 64
71 1 24
71 124 69
71 114 64
72 1 24
72 124 73
72 114 68
73 1 24
73 124 74
73 114 68
74 1 24
74 124 72
74 114 68
75 1 14
76 1 14
76 91 77
77 1 14
77 123 78
77 98 79
77 120 76
78 1 14
78 123 82
78 98 83
78 120 76
79 1 14
79 124 80
79 114 77
80 1 14
80 124 81
80 114 77
81 1 14
81 124 79
81 114 77
82 1 14
82 98 86
82 123 77
82 120 76
83 1 14
83 124 84
83 114 78
84 1 14
84 124 85
84 114 78
85 1 14
85 124 83
85 114 78
86 1 14
86 124 87
86 114 82
87 1 14
87 124 88
87 114 82
88 1 14
88 124 86
88 114 82
