# Format: <source_state_id> <instruction_id> <target_state_id>
0 0 1
9 41 20
9 34 21
20 1 9
20 0 66
21 41 22
21 136 23
21 84 9
22 1 21
22 0 53
23 41 24
23 136 25
23 84 9
24 1 23
24 0 40
25 41 26
25 136 21
25 84 9
26 1 25
26 0 27
27 1 25
27 104 28
28 1 25
28 137 29
28 111 30
28 133 27
29 1 25
29 137 33
29 111 34
29 133 27
30 1 25
30 138 31
30 127 28
31 1 25
31 138 32
31 127 28
32 1 25
32 138 30
32 127 28
33 1 25
33 111 37
33 137 28
33 133 27
34 1 25
34 138 35
34 127 29
35 1 25
35 138 36
35 127 29
36 1 25
36 138 34
36 127 29
37 1 25
37 138 38
37 127 33
38 1 25
38 138 39
38 127 33
39 1 25
39 138 37
39 127 33
40 1 23
40 104 41
41 1 23
41 137 42
41 111 43
41 133 40
42 1 23
42 137 46
42 111 47
42 133 40
43 1 23
43 138 44
43 127 41
44 1 23
44 138 45
44 127 41
45 1 23
45 138 43
45 127 41
46 1 23
46 111 50
46 137 41
46 133 40
47 1 23
47 138 48
47 127 42
48 1 23
48 138 49
48 127 42
49 1 23
49 138 47
49 127 42
50 1 23
50 138 51
50 127 46
51 1 23
51 138 52
51 127 46
52 1 23
52 138 50
52 127 46
53 1 21
53 104 54
54 1 21
54 137 55
54 111 56
54 133 53
55 1 21
55 137 59
55 111 60
55 133 53
56 1 21
56 138 57
56 127 54
57 1 21
57 138 58
57 127 54
58 1 21
58 138 56
58 127 54
59 1 21
59 111 63
59 137 54
59 133 53
60 1 21
60 138 61
60 127 55
61 1 21
61 138 62
61 127 55
62 1 21
62 138 60
62 127 55
63 1 21
63 138 64
63 127 59
64 1 21
64 138 65
64 127 59
65 1 21
65 138 63
65 127 59
66 1 9
66 104 67
67 1 9
67 137 68
67 111 69
67 133 66
68 1 9
68 137 72
68 111 73
68 133 66
69 1 9
69 138 70
69 127 67
70 1 9
70 138 71
70 127 67
71 1 9
71 138 69
71 127 67
72 1 9
72 111 76
72 137 67
72 133 66
73 1 9
73 138 74
73 127 68
74 1 9
74 138 75
74 127 68
75 1 9
75 138 73
75 127 68
76 1 9
76 138 77
76 127 72
77 1 9
77 138 78
77 127 72
78 1 9
78 138 76
78 127 72
