# Format: <source_state_id> <instruction_id> <target_state_id>
0 0 1
12 37 20
12 32 21
12 29 22
12 25 23
20 1 12
20 0 100
21 1 12
21 0 87
22 1 12
22 0 86
23 37 24
23 32 25
23 29 26
23 137 27
23 69 12
24 1 23
24 0 83
25 1 23
25 0 70
26 1 23
26 0 69
27 37 28
27 32 29
27 29 30
27 137 31
27 69 12
28 1 27
28 0 66
29 1 27
29 0 53
30 1 27
30 0 52
31 37 32
31 32 33
31 29 34
31 137 23
31 69 12
32 1 31
32 0 49
33 1 31
33 0 36
34 1 31
34 0 35
35 1 31
36 1 31
36 89 37
37 138 38
37 96 39
37 1 31
37 118 36
38 138 42
38 96 43
38 1 31
38 118 36
39 1 31
39 139 40
39 112 37
40 1 31
40 139 41
40 112 37
41 1 31
41 139 39
41 112 37
42 96 46
42 138 37
42 1 31
42 118 36
43 1 31
43 139 44
43 112 38
44 1 31
44 139 45
44 112 38
45 1 31
45 139 43
45 112 38
46 1 31
46 139 47
46 112 42
47 1 31
47 139 48
47 112 42
48 1 31
48 139 46
48 112 42
49 1 31
49 127 50
50 1 49
50 0 51
51 1 49
52 1 27
53 1 27
53 89 54
54 138 55
54 96 56
54 1 27
54 118 53
55 138 59
55 96 60
55 1 27
55 118 53
56 1 27
56 139 57
56 112 54
57 1 27
57 139 58
57 112 54
58 1 27
58 139 56
58 112 54
59 96 63
59 138 54
59 1 27
59 118 53
60 1 27
60 139 61
60 112 55
61 1 27
61 139 62
61 112 55
62 1 27
62 139 60
62 112 55
63 1 27
63 139 64
63 112 59
64 1 27
64 139 65
64 112 59
65 1 27
65 139 63
65 112 59
66 1 27
66 127 67
67 1 66
67 0 68
68 1 66
69 1 23
70 1 23
70 89 71
71 138 72
71 96 73
71 1 23
71 118 70
72 138 76
72 96 77
72 1 23
72 118 70
73 1 23
73 139 74
73 112 71
74 1 23
74 139 75
74 112 71
75 1 23
75 139 73
75 112 71
76 96 80
76 138 71
76 1 23
76 118 70
77 1 23
77 139 78
77 112 72
78 1 23
78 139 79
78 112 72
79 1 23
79 139 77
79 112 72
80 1 23
80 139 81
80 112 76
81 1 23
81 139 82
81 112 76
82 1 23
82 139 80
82 112 76
83 1 23
83 127 84
84 1 83
84 0 85
85 1 83
86 1 12
87 1 12
87 89 88
88 138 89
88 96 90
88 1 12
88 118 87
89 138 93
89 96 94
89 1 12
89 118 87
90 1 12
90 139 91
90 112 88
91 1 12
91 139 92
91 112 88
92 1 12
92 139 90
92 112 88
93 96 97
93 138 88
93 1 12
93 118 87
94 1 12
94 139 95
94 112 89
95 1 12
95 139 96
95 112 89
96 1 12
96 139 94
96 112 89
97 1 12
97 139 98
97 112 93
98 1 12
98 139 99
98 112 93
99 1 12
99 139 97
99 112 93
100 1 12
100 127 101
101 1 100
101 0 102
102 1 100
