# Format: <source_state_id> <instruction_id> <target_state_id>
0 0 1
12 38 20
12 35 21
12 31 22
20 1 12
20 0 74
21 1 12
21 0 73
22 38 23
22 35 24
22 123 25
22 76 12
23 1 22
23 0 60
24 1 22
24 0 59
25 38 26
25 35 27
25 123 28
25 76 12
26 1 25
26 0 46
27 1 25
27 0 45
28 38 29
28 35 30
28 123 22
28 76 12
29 1 28
29 0 32
30 1 28
30 0 31
31 1 28
32 1 28
32 92 33
33 1 28
33 124 34
33 99 35
33 121 32
34 1 28
34 124 38
34 99 39
34 121 32
35 1 28
35 125 36
35 115 33
36 1 28
36 125 37
36 115 33
37 1 28
37 125 35
37 115 33
38 1 28
38 99 42
38 124 33
38 121 32
39 1 28
39 125 40
39 115 34
40 1 28
40 125 41
40 115 34
41 1 28
41 125 39
41 115 34
42 1 28
42 125 43
42 115 38
43 1 28
43 125 44
43 115 38
44 1 28
44 125 42
44 115 38
45 1 25
46 1 25
46 92 47
47 1 25
47 124 48
47 99 49
47 121 46
48 1 25
48 124 52
48 99 53
48 121 46
49 1 25
49 125 50
49 115 47
50 1 25
50 125 51
50 115 47
51 1 25
51 125 49
51 115 47
52 1 25
52 99 56
52 124 47
52 121 46
53 1 25
53 125 54
53 115 48
54 1 25
54 125 55
54 115 48
55 1 25
55 125 53
55 115 48
56 1 25
56 125 57
56 115 52
57 1 25
57 125 58
57 115 52
58 1 25
58 125 56
58 115 52
59 1 22
60 1 22
60 92 61
61 1 22
61 124 62
61 99 63
61 121 60
62 1 22
62 124 66
62 99 67
62 121 60
63 1 22
63 125 64
63 115 61
64 1 22
64 125 65
64 115 61
65 1 22
65 125 63
65 115 61
66 1 22
66 99 70
66 124 61
66 121 60
67 1 22
67 125 68
67 115 62
68 1 22
68 125 69
68 115 62
69 1 22
69 125 67
69 115 62
70 1 22
70 125 71
70 115 66
71 1 22
71 125 72
71 115 66
72 1 22
72 125 70
72 115 66
73 1 12
74 1 12
74 92 75
75 1 12
75 124 76
75 99 77
75 121 74
76 1 12
76 124 80
76 99 81
76 121 74
77 1 12
77 125 78
77 115 75
78 1 12
78 125 79
78 115 75
79 1 12
79 125 77
79 115 75
80 1 12
80 99 84
80 124 75
80 121 74
81 1 12
81 125 82
81 115 76
82 1 12
82 125 83
82 115 76
83 1 12
83 125 81
83 115 76
84 1 12
84 125 85
84 115 80
85 1 12
85 125 86
85 115 80
86 1 12
86 125 84
86 115 80
