# Format: <source_state_id> <instruction_id> <target_state_id>
0 0 1
5 98 20
5 72 21
20 1 5
20 0 69
21 98 22
21 111 23
21 78 24
21 108 5
22 1 21
22 0 67
23 98 36
23 111 37
23 78 38
23 108 5
24 98 25
24 112 26
24 93 21
25 1 24
25 0 34
26 98 27
26 112 28
26 93 21
27 1 26
27 0 32
28 98 29
28 112 24
28 93 21
29 1 28
29 0 30
30 1 28
30 46 31
31 1 30
31 0 30
32 1 26
32 46 33
33 1 32
33 0 32
34 1 24
34 46 35
35 1 34
35 0 34
36 1 23
36 0 65
37 78 51
37 98 50
37 111 21
37 108 5
38 98 39
38 112 40
38 93 23
39 1 38
39 0 48
40 98 41
40 112 42
40 93 23
41 1 40
41 0 46
42 98 43
42 112 38
42 93 23
43 1 42
43 0 44
44 1 42
44 46 45
45 1 44
45 0 44
46 1 40
46 46 47
47 1 46
47 0 46
48 1 38
48 46 49
49 1 48
49 0 48
50 1 37
50 0 63
51 98 52
51 112 53
51 93 37
52 1 51
52 0 61
53 98 54
53 112 55
53 93 37
54 1 53
54 0 59
55 98 56
55 112 51
55 93 37
56 1 55
56 0 57
57 1 55
57 46 58
58 1 57
58 0 57
59 1 53
59 46 60
60 1 59
60 0 59
61 1 51
61 46 62
62 1 61
62 0 61
63 1 37
63 46 64
64 1 63
64 0 63
65 1 23
65 46 66
66 1 65
66 0 65
67 1 21
67 46 68
68 1 67
68 0 67
69 1 5
69 46 70
70 1 69
70 0 69
