# Format: <source_state_id> <instruction_id> <target_state_id>
0 0 1
9 30 20
9 18 21
20 1 9
20 0 66
21 30 22
21 94 23
21 42 9
22 1 21
22 0 53
23 30 24
23 94 25
23 42 9
24 1 23
24 0 40
25 30 26
25 94 21
25 42 9
26 1 25
26 0 27
27 1 25
27 62 28
28 1 25
28 95 29
28 69 30
28 91 27
29 1 25
29 95 33
29 69 34
29 91 27
30 1 25
30 96 31
30 85 28
31 1 25
31 96 32
31 85 28
32 1 25
32 96 30
32 85 28
33 1 25
33 69 37
33 95 28
33 91 27
34 1 25
34 96 35
34 85 29
35 1 25
35 96 36
35 85 29
36 1 25
36 96 34
36 85 29
37 1 25
37 96 38
37 85 33
38 1 25
38 96 39
38 85 33
39 1 25
39 96 37
39 85 33
40 1 23
40 62 41
41 1 23
41 95 42
41 69 43
41 91 40
42 1 23
42 95 46
42 69 47
42 91 40
43 1 23
43 96 44
43 85 41
44 1 23
44 96 45
44 85 41
45 1 23
45 96 43
45 85 41
46 1 23
46 69 50
46 95 41
46 91 40
47 1 23
47 96 48
47 85 42
48 1 23
48 96 49
48 85 42
49 1 23
49 96 47
49 85 42
50 1 23
50 96 51
50 85 46
51 1 23
51 96 52
51 85 46
52 1 23
52 96 50
52 85 46
53 1 21
53 62 54
54 1 21
54 95 55
54 69 56
54 91 53
55 1 21
55 95 59
55 69 60
55 91 53
56 1 21
56 96 57
56 85 54
57 1 21
57 96 58
57 85 54
58 1 21
58 96 56
58 85 54
59 1 21
59 69 63
59 95 54
59 91 53
60 1 21
60 96 61
60 85 55
61 1 21
61 96 62
61 85 55
62 1 21
62 96 60
62 85 55
63 1 21
63 96 64
63 85 59
64 1 21
64 96 65
64 85 59
65 1 21
65 96 63
65 85 59
66 1 9
66 62 67
67 1 9
67 95 68
67 69 69
67 91 66
68 1 9
68 95 72
68 69 73
68 91 66
69 1 9
69 96 70
69 85 67
70 1 9
70 96 71
70 85 67
71 1 9
71 96 69
71 85 67
72 1 9
72 69 76
72 95 67
72 91 66
73 1 9
73 96 74
73 85 68
74 1 9
74 96 75
74 85 68
75 1 9
75 96 73
75 85 68
76 1 9
76 96 77
76 85 72
77 1 9
77 96 78
77 85 72
78 1 9
78 96 76
78 85 72
