# Format: <source_state_id> <instruction_id> <target_state_id>
0 0 1
13 52 20
13 49 21
13 44 22
13 47 23
13 34 24
13 30 25
20 1 13
20 0 110
21 1 13
21 0 97
22 1 13
22 0 96
23 1 13
23 0 95
24 1 13
24 0 94
25 52 26
25 44 27
25 47 28
25 34 29
25 49 30
25 153 31
25 62 13
26 1 25
26 0 93
27 1 25
27 0 92
28 1 25
28 0 91
29 1 25
29 0 90
30 1 25
30 0 77
31 52 32
31 44 33
31 47 34
31 34 35
31 49 36
31 153 37
31 62 13
32 1 31
32 0 76
33 1 31
33 0 75
34 1 31
34 0 74
35 1 31
35 0 73
36 1 31
36 0 60
37 52 38
37 44 39
37 47 40
37 34 41
37 49 42
37 153 25
37 62 13
38 1 37
38 0 59
39 1 37
39 0 58
40 1 37
40 0 57
41 1 37
41 0 56
42 1 37
42 0 43
43 1 37
43 108 44
44 1 37
44 154 45
44 115 46
44 137 43
45 1 37
45 154 49
45 115 50
45 137 43
46 155 47
46 1 37
46 131 44
47 155 48
47 1 37
47 131 44
48 155 46
48 1 37
48 131 44
49 1 37
49 115 53
49 154 44
49 137 43
50 155 51
50 1 37
50 131 45
51 155 52
51 1 37
51 131 45
52 155 50
52 1 37
52 131 45
53 155 54
53 1 37
53 131 49
54 155 55
54 1 37
54 131 49
55 155 53
55 1 37
55 131 49
56 1 37
57 1 37
58 1 37
59 1 37
60 1 31
60 108 61
61 1 31
61 154 62
61 115 63
61 137 60
62 1 31
62 154 66
62 115 67
62 137 60
63 155 64
63 1 31
63 131 61
64 155 65
64 1 31
64 131 61
65 155 63
65 1 31
65 131 61
66 1 31
66 115 70
66 154 61
66 137 60
67 155 68
67 1 31
67 131 62
68 155 69
68 1 31
68 131 62
69 155 67
69 1 31
69 131 62
70 155 71
70 1 31
70 131 66
71 155 72
71 1 31
71 131 66
72 155 70
72 1 31
72 131 66
73 1 31
74 1 31
75 1 31
76 1 31
77 1 25
77 108 78
78 1 25
78 154 79
78 115 80
78 137 77
79 1 25
79 154 83
79 115 84
79 137 77
80 155 81
80 1 25
80 131 78
81 155 82
81 1 25
81 131 78
82 155 80
82 1 25
82 131 78
83 1 25
83 115 87
83 154 78
83 137 77
84 155 85
84 1 25
84 131 79
85 155 86
85 1 25
85 131 79
86 155 84
86 1 25
86 131 79
87 155 88
87 1 25
87 131 83
88 155 89
88 1 25
88 131 83
89 155 87
89 1 25
89 131 83
90 1 25
91 1 25
92 1 25
93 1 25
94 1 13
95 1 13
96 1 13
97 1 13
97 108 98
98 1 13
98 154 99
98 115 100
98 137 97
99 1 13
99 154 103
99 115 104
99 137 97
100 155 101
100 1 13
100 131 98
101 155 102
101 1 13
101 131 98
102 155 100
102 1 13
102 131 98
103 1 13
103 115 107
103 154 98
103 137 97
104 155 105
104 1 13
104 131 99
105 155 106
105 1 13
105 131 99
106 155 104
106 1 13
106 131 99
107 155 108
107 1 13
107 131 103
108 155 109
108 1 13
108 131 103
109 155 107
109 1 13
109 131 103
110 1 13
