# Format: <source_state_id> <instruction_id> <target_state_id>
0 0 1
11 141 142
11 140 143
13 57 35
13 69 36
13 56 37
13 68 38
13 42 39
13 40 40
13 39 41
13 33 42
14 179 29
14 178 30
18 156 27
27 1 18
27 0 28
28 1 18
29 1 14
29 0 34
30 1 14
30 0 31
31 1 14
31 103 32
32 1 31
32 0 33
33 1 31
34 1 14
35 1 13
35 0 139
36 1 13
36 0 136
37 1 13
37 0 133
38 1 13
38 0 130
39 1 13
39 0 129
40 1 13
40 0 126
41 1 13
41 0 123
42 57 43
42 69 44
42 56 45
42 68 46
42 42 47
42 40 48
42 39 49
42 181 50
42 71 13
43 1 42
43 0 120
44 1 42
44 0 117
45 1 42
45 0 114
46 1 42
46 0 111
47 1 42
47 0 110
48 1 42
48 0 107
49 1 42
49 0 104
50 57 51
50 69 52
50 56 53
50 68 54
50 42 55
50 40 56
50 39 57
50 181 58
50 71 13
51 1 50
51 0 101
52 1 50
52 0 98
53 1 50
53 0 95
54 1 50
54 0 92
55 1 50
55 0 91
56 1 50
56 0 88
57 1 50
57 0 85
58 57 59
58 69 60
58 56 61
58 68 62
58 42 63
58 40 64
58 39 65
58 181 42
58 71 13
59 1 58
59 0 82
60 1 58
60 0 79
61 1 58
61 0 76
62 1 58
62 0 73
63 1 58
63 0 72
64 1 58
64 0 69
65 1 58
65 0 66
66 1 58
66 85 67
67 1 66
67 0 68
68 1 66
69 1 58
69 94 70
70 1 69
70 0 71
71 1 69
72 1 58
73 1 58
73 103 74
74 1 73
74 0 75
75 1 73
76 1 58
76 103 77
77 1 76
77 0 78
78 1 76
79 1 58
79 111 80
80 1 79
80 0 81
81 1 79
82 1 58
82 111 83
83 1 82
83 0 84
84 1 82
85 1 50
85 85 86
86 1 85
86 0 87
87 1 85
88 1 50
88 94 89
89 1 88
89 0 90
90 1 88
91 1 50
92 1 50
92 103 93
93 1 92
93 0 94
94 1 92
95 1 50
95 103 96
96 1 95
96 0 97
97 1 95
98 1 50
98 111 99
99 1 98
99 0 100
100 1 98
101 1 50
101 111 102
102 1 101
102 0 103
103 1 101
104 1 42
104 85 105
105 1 104
105 0 106
106 1 104
107 1 42
107 94 108
108 1 107
108 0 109
109 1 107
110 1 42
111 1 42
111 103 112
112 1 111
112 0 113
113 1 111
114 1 42
114 103 115
115 1 114
115 0 116
116 1 114
117 1 42
117 111 118
118 1 117
118 0 119
119 1 117
120 1 42
120 111 121
121 1 120
121 0 122
122 1 120
123 1 13
123 85 124
124 1 123
124 0 125
125 1 123
126 1 13
126 94 127
127 1 126
127 0 128
128 1 126
129 1 13
130 1 13
130 103 131
131 1 130
131 0 132
132 1 130
133 1 13
133 103 134
134 1 133
134 0 135
135 1 133
136 1 13
136 111 137
137 1 136
137 0 138
138 1 136
139 1 13
139 111 140
140 1 139
140 0 141
141 1 139
142 1 11
142 0 147
143 1 11
143 0 144
144 1 11
144 111 145
145 1 144
145 0 146
146 1 144
147 1 11
