# Format: <source_state_id> <instruction_id> <target_state_id>
0 0 1
12 43 20
12 38 21
12 31 22
20 1 12
20 0 86
21 1 12
21 0 73
22 43 23
22 38 24
22 126 25
22 79 12
23 1 22
23 0 72
24 1 22
24 0 59
25 43 26
25 38 27
25 126 28
25 79 12
26 1 25
26 0 58
27 1 25
27 0 45
28 43 29
28 38 30
28 126 22
28 79 12
29 1 28
29 0 44
30 1 28
30 0 31
31 1 28
31 95 32
32 1 28
32 127 33
32 102 34
32 124 31
33 1 28
33 127 37
33 102 38
33 124 31
34 128 35
34 1 28
34 118 32
35 128 36
35 1 28
35 118 32
36 128 34
36 1 28
36 118 32
37 1 28
37 102 41
37 127 32
37 124 31
38 128 39
38 1 28
38 118 33
39 128 40
39 1 28
39 118 33
40 128 38
40 1 28
40 118 33
41 128 42
41 1 28
41 118 37
42 128 43
42 1 28
42 118 37
43 128 41
43 1 28
43 118 37
44 1 28
45 1 25
45 95 46
46 1 25
46 127 47
46 102 48
46 124 45
47 1 25
47 127 51
47 102 52
47 124 45
48 128 49
48 1 25
48 118 46
49 128 50
49 1 25
49 118 46
50 128 48
50 1 25
50 118 46
51 1 25
51 102 55
51 127 46
51 124 45
52 128 53
52 1 25
52 118 47
53 128 54
53 1 25
53 118 47
54 128 52
54 1 25
54 118 47
55 128 56
55 1 25
55 118 51
56 128 57
56 1 25
56 118 51
57 128 55
57 1 25
57 118 51
58 1 25
59 1 22
59 95 60
60 1 22
60 127 61
60 102 62
60 124 59
61 1 22
61 127 65
61 102 66
61 124 59
62 128 63
62 1 22
62 118 60
63 128 64
63 1 22
63 118 60
64 128 62
64 1 22
64 118 60
65 1 22
65 102 69
65 127 60
65 124 59
66 128 67
66 1 22
66 118 61
67 128 68
67 1 22
67 118 61
68 128 66
68 1 22
68 118 61
69 128 70
69 1 22
69 118 65
70 128 71
70 1 22
70 118 65
71 128 69
71 1 22
71 118 65
72 1 22
73 1 12
73 95 74
74 1 12
74 127 75
74 102 76
74 124 73
75 1 12
75 127 79
75 102 80
75 124 73
76 128 77
76 1 12
76 118 74
77 128 78
77 1 12
77 118 74
78 128 76
78 1 12
78 118 74
79 1 12
79 102 83
79 127 74
79 124 73
80 128 81
80 1 12
80 118 75
81 128 82
81 1 12
81 118 75
82 128 80
82 1 12
82 118 75
83 128 84
83 1 12
83 118 79
84 128 85
84 1 12
84 118 79
85 128 83
85 1 12
85 118 79
86 1 12
