# Format: <source_state_id> <instruction_id> <target_state_id>
0 0 1
9 30 20
9 18 21
20 1 9
20 0 66
21 30 22
21 97 23
21 50 9
22 1 21
22 0 53
23 30 24
23 97 25
23 50 9
24 1 23
24 0 40
25 30 26
25 97 21
25 50 9
26 1 25
26 0 27
27 1 25
27 66 28
28 1 25
28 98 29
28 73 30
28 95 27
29 1 25
29 98 33
29 73 34
29 95 27
30 1 25
30 99 31
30 89 28
31 1 25
31 99 32
31 89 28
32 1 25
32 99 30
32 89 28
33 1 25
33 73 37
33 98 28
33 95 27
34 1 25
34 99 35
34 89 29
35 1 25
35 99 36
35 89 29
36 1 25
36 99 34
36 89 29
37 1 25
37 99 38
37 89 33
38 1 25
38 99 39
38 89 33
39 1 25
39 99 37
39 89 33
40 1 23
40 66 41
41 1 23
41 98 42
41 73 43
41 95 40
42 1 23
42 98 46
42 73 47
42 95 40
43 1 23
43 99 44
43 89 41
44 1 23
44 99 45
44 89 41
45 1 23
45 99 43
45 89 41
46 1 23
46 73 50
46 98 41
46 95 40
47 1 23
47 99 48
47 89 42
48 1 23
48 99 49
48 89 42
49 1 23
49 99 47
49 89 42
50 1 23
50 99 51
50 89 46
51 1 23
51 99 52
51 89 46
52 1 23
52 99 50
52 89 46
53 1 21
53 66 54
54 1 21
54 98 55
54 73 56
54 95 53
55 1 21
55 98 59
55 73 60
55 95 53
56 1 21
56 99 57
56 89 54
57 1 21
57 99 58
57 89 54
58 1 21
58 99 56
58 89 54
59 1 21
59 73 63
59 98 54
59 95 53
60 1 21
60 99 61
60 89 55
61 1 21
61 99 62
61 89 55
62 1 21
62 99 60
62 89 55
63 1 21
63 99 64
63 89 59
64 1 21
64 99 65
64 89 59
65 1 21
65 99 63
65 89 59
66 1 9
66 66 67
67 1 9
67 98 68
67 73 69
67 95 66
68 1 9
68 98 72
68 73 73
68 95 66
69 1 9
69 99 70
69 89 67
70 1 9
70 99 71
70 89 67
71 1 9
71 99 69
71 89 67
72 1 9
72 73 76
72 98 67
72 95 66
73 1 9
73 99 74
73 89 68
74 1 9
74 99 75
74 89 68
75 1 9
75 99 73
75 89 68
76 1 9
76 99 77
76 89 72
77 1 9
77 99 78
77 89 72
78 1 9
78 99 76
78 89 72
