# Format: <source_state_id> <instruction_id> <target_state_id>
0 0 1
11 46 20
11 29 21
11 25 22
20 1 11
20 0 74
21 1 11
21 0 73
22 46 23
22 29 24
22 133 25
22 81 11
23 1 22
23 0 60
24 1 22
24 0 59
25 46 26
25 29 27
25 133 28
25 81 11
26 1 25
26 0 46
27 1 25
27 0 45
28 46 29
28 29 30
28 133 22
28 81 11
29 1 28
29 0 32
30 1 28
30 0 31
31 1 28
32 1 28
32 101 33
33 1 28
33 134 34
33 108 35
33 130 32
34 1 28
34 134 38
34 108 39
34 130 32
35 1 28
35 135 36
35 124 33
36 1 28
36 135 37
36 124 33
37 1 28
37 135 35
37 124 33
38 1 28
38 108 42
38 134 33
38 130 32
39 1 28
39 135 40
39 124 34
40 1 28
40 135 41
40 124 34
41 1 28
41 135 39
41 124 34
42 1 28
42 135 43
42 124 38
43 1 28
43 135 44
43 124 38
44 1 28
44 135 42
44 124 38
45 1 25
46 1 25
46 101 47
47 1 25
47 134 48
47 108 49
47 130 46
48 1 25
48 134 52
48 108 53
48 130 46
49 1 25
49 135 50
49 124 47
50 1 25
50 135 51
50 124 47
51 1 25
51 135 49
51 124 47
52 1 25
52 108 56
52 134 47
52 130 46
53 1 25
53 135 54
53 124 48
54 1 25
54 135 55
54 124 48
55 1 25
55 135 53
55 124 48
56 1 25
56 135 57
56 124 52
57 1 25
57 135 58
57 124 52
58 1 25
58 135 56
58 124 52
59 1 22
60 1 22
60 101 61
61 1 22
61 134 62
61 108 63
61 130 60
62 1 22
62 134 66
62 108 67
62 130 60
63 1 22
63 135 64
63 124 61
64 1 22
64 135 65
64 124 61
65 1 22
65 135 63
65 124 61
66 1 22
66 108 70
66 134 61
66 130 60
67 1 22
67 135 68
67 124 62
68 1 22
68 135 69
68 124 62
69 1 22
69 135 67
69 124 62
70 1 22
70 135 71
70 124 66
71 1 22
71 135 72
71 124 66
72 1 22
72 135 70
72 124 66
73 1 11
74 1 11
74 101 75
75 1 11
75 134 76
75 108 77
75 130 74
76 1 11
76 134 80
76 108 81
76 130 74
77 1 11
77 135 78
77 124 75
78 1 11
78 135 79
78 124 75
79 1 11
79 135 77
79 124 75
80 1 11
80 108 84
80 134 75
80 130 74
81 1 11
81 135 82
81 124 76
82 1 11
82 135 83
82 124 76
83 1 11
83 135 81
83 124 76
84 1 11
84 135 85
84 124 80
85 1 11
85 135 86
85 124 80
86 1 11
86 135 84
86 124 80
