# Format: <source_state_id> <instruction_id> <target_state_id>
0 0 1
12 34 20
12 30 21
20 1 12
20 0 201
21 34 22
21 46 24
21 144 23
21 92 12
22 1 21
22 0 188
23 34 69
23 46 71
23 144 70
23 92 12
24 34 25
24 145 26
24 63 21
25 1 24
25 0 56
26 34 27
26 145 28
26 63 21
27 1 26
27 0 43
28 34 29
28 145 24
28 63 21
29 1 28
29 0 30
30 1 28
30 112 31
31 1 28
31 147 32
31 119 33
31 141 30
32 1 28
32 147 36
32 119 37
32 141 30
33 1 28
33 148 34
33 135 31
34 1 28
34 148 35
34 135 31
35 1 28
35 148 33
35 135 31
36 1 28
36 119 40
36 147 31
36 141 30
37 1 28
37 148 38
37 135 32
38 1 28
38 148 39
38 135 32
39 1 28
39 148 37
39 135 32
40 1 28
40 148 41
40 135 36
41 1 28
41 148 42
41 135 36
42 1 28
42 148 40
42 135 36
43 1 26
43 112 44
44 1 26
44 147 45
44 119 46
44 141 43
45 1 26
45 147 49
45 119 50
45 141 43
46 1 26
46 148 47
46 135 44
47 1 26
47 148 48
47 135 44
48 1 26
48 148 46
48 135 44
49 1 26
49 119 53
49 147 44
49 141 43
50 1 26
50 148 51
50 135 45
51 1 26
51 148 52
51 135 45
52 1 26
52 148 50
52 135 45
53 1 26
53 148 54
53 135 49
54 1 26
54 148 55
54 135 49
55 1 26
55 148 53
55 135 49
56 1 24
56 112 57
57 1 24
57 147 58
57 119 59
57 141 56
58 1 24
58 147 62
58 119 63
58 141 56
59 1 24
59 148 60
59 135 57
60 1 24
60 148 61
60 135 57
61 1 24
61 148 59
61 135 57
62 1 24
62 119 66
62 147 57
62 141 56
63 1 24
63 148 64
63 135 58
64 1 24
64 148 65
64 135 58
65 1 24
65 148 63
65 135 58
66 1 24
66 148 67
66 135 62
67 1 24
67 148 68
67 135 62
68 1 24
68 148 66
68 135 62
69 1 23
69 0 175
70 34 116
70 46 117
70 144 21
70 92 12
71 34 72
71 145 73
71 63 23
72 1 71
72 0 103
73 34 74
73 145 75
73 63 23
74 1 73
74 0 90
75 34 76
75 145 71
75 63 23
76 1 75
76 0 77
77 1 75
77 112 78
78 1 75
78 147 79
78 119 80
78 141 77
79 1 75
79 147 83
79 119 84
79 141 77
80 1 75
80 148 81
80 135 78
81 1 75
81 148 82
81 135 78
82 1 75
82 148 80
82 135 78
83 1 75
83 119 87
83 147 78
83 141 77
84 1 75
84 148 85
84 135 79
85 1 75
85 148 86
85 135 79
86 1 75
86 148 84
86 135 79
87 1 75
87 148 88
87 135 83
88 1 75
88 148 89
88 135 83
89 1 75
89 148 87
89 135 83
90 1 73
90 112 91
91 1 73
91 147 92
91 119 93
91 141 90
92 1 73
92 147 96
92 119 97
92 141 90
93 1 73
93 148 94
93 135 91
94 1 73
94 148 95
94 135 91
95 1 73
95 148 93
95 135 91
96 1 73
96 119 100
96 147 91
96 141 90
97 1 73
97 148 98
97 135 92
98 1 73
98 148 99
98 135 92
99 1 73
99 148 97
99 135 92
100 1 73
100 148 101
100 135 96
101 1 73
101 148 102
101 135 96
102 1 73
102 148 100
102 135 96
103 1 71
103 112 104
104 1 71
104 147 105
104 119 106
104 141 103
105 1 71
105 147 109
105 119 110
105 141 103
106 1 71
106 148 107
106 135 104
107 1 71
107 148 108
107 135 104
108 1 71
108 148 106
108 135 104
109 1 71
109 119 113
109 147 104
109 141 103
110 1 71
110 148 111
110 135 105
111 1 71
111 148 112
111 135 105
112 1 71
112 148 110
112 135 105
113 1 71
113 148 114
113 135 109
114 1 71
114 148 115
114 135 109
115 1 71
115 148 113
115 135 109
116 1 70
116 0 162
117 34 118
117 145 119
117 63 70
118 1 117
118 0 149
119 34 120
119 145 121
119 63 70
120 1 119
120 0 136
121 34 122
121 145 117
121 63 70
122 1 121
122 0 123
123 1 121
123 112 124
124 1 121
124 147 125
124 119 126
124 141 123
125 1 121
125 147 129
125 119 130
125 141 123
126 1 121
126 148 127
126 135 124
127 1 121
127 148 128
127 135 124
128 1 121
128 148 126
128 135 124
129 1 121
129 119 133
129 147 124
129 141 123
130 1 121
130 148 131
130 135 125
131 1 121
131 148 132
131 135 125
132 1 121
132 148 130
132 135 125
133 1 121
133 148 134
133 135 129
134 1 121
134 148 135
134 135 129
135 1 121
135 148 133
135 135 129
136 1 119
136 112 137
137 1 119
137 147 138
137 119 139
137 141 136
138 1 119
138 147 142
138 119 143
138 141 136
139 1 119
139 148 140
139 135 137
140 1 119
140 148 141
140 135 137
141 1 119
141 148 139
141 135 137
142 1 119
142 119 146
142 147 137
142 141 136
143 1 119
143 148 144
143 135 138
144 1 119
144 148 145
144 135 138
145 1 119
145 148 143
145 135 138
146 1 119
146 148 147
146 135 142
147 1 119
147 148 148
147 135 142
148 1 119
148 148 146
148 135 142
149 1 117
149 112 150
150 1 117
150 147 151
150 119 152
150 141 149
151 1 117
151 147 155
151 119 156
151 141 149
152 1 117
152 148 153
152 135 150
153 1 117
153 148 154
153 135 150
154 1 117
154 148 152
154 135 150
155 1 117
155 119 159
155 147 150
155 141 149
156 1 117
156 148 157
156 135 151
157 1 117
157 148 158
157 135 151
158 1 117
158 148 156
158 135 151
159 1 117
159 148 160
159 135 155
160 1 117
160 148 161
160 135 155
161 1 117
161 148 159
161 135 155
162 1 70
162 112 163
163 1 70
163 147 164
163 119 165
163 141 162
164 1 70
164 147 168
164 119 169
164 141 162
165 1 70
165 148 166
165 135 163
166 1 70
166 148 167
166 135 163
167 1 70
167 148 165
167 135 163
168 1 70
168 119 172
168 147 163
168 141 162
169 1 70
169 148 170
169 135 164
170 1 70
170 148 171
170 135 164
171 1 70
171 148 169
171 135 164
172 1 70
172 148 173
172 135 168
173 1 70
173 148 174
173 135 168
174 1 70
174 148 172
174 135 168
175 1 23
175 112 176
176 1 23
176 147 177
176 119 178
176 141 175
177 1 23
177 147 181
177 119 182
177 141 175
178 1 23
178 148 179
178 135 176
179 1 23
179 148 180
179 135 176
180 1 23
180 148 178
180 135 176
181 1 23
181 119 185
181 147 176
181 141 175
182 1 23
182 148 183
182 135 177
183 1 23
183 148 184
183 135 177
184 1 23
184 148 182
184 135 177
185 1 23
185 148 186
185 135 181
186 1 23
186 148 187
186 135 181
187 1 23
187 148 185
187 135 181
188 1 21
188 112 189
189 1 21
189 147 190
189 119 191
189 141 188
190 1 21
190 147 194
190 119 195
190 141 188
191 1 21
191 148 192
191 135 189
192 1 21
192 148 193
192 135 189
193 1 21
193 148 191
193 135 189
194 1 21
194 119 198
194 147 189
194 141 188
195 1 21
195 148 196
195 135 190
196 1 21
196 148 197
196 135 190
197 1 21
197 148 195
197 135 190
198 1 21
198 148 199
198 135 194
199 1 21
199 148 200
199 135 194
200 1 21
200 148 198
200 135 194
201 1 12
201 112 202
202 1 12
202 147 203
202 119 204
202 141 201
203 1 12
203 147 207
203 119 208
203 141 201
204 1 12
204 148 205
204 135 202
205 1 12
205 148 206
205 135 202
206 1 12
206 148 204
206 135 202
207 1 12
207 119 211
207 147 202
207 141 201
208 1 12
208 148 209
208 135 203
209 1 12
209 148 210
209 135 203
210 1 12
210 148 208
210 135 203
211 1 12
211 148 212
211 135 207
212 1 12
212 148 213
212 135 207
213 1 12
213 148 211
213 135 207
