# Format: <source_state_id> <instruction_id> <target_state_id>
0 0 1
9 29 20
9 24 21
20 1 9
20 0 66
21 29 22
21 108 23
21 61 9
22 1 21
22 0 53
23 29 24
23 108 25
23 61 9
24 1 23
24 0 40
25 29 26
25 108 21
25 61 9
26 1 25
26 0 27
27 1 25
27 77 28
28 1 25
28 109 29
28 84 30
28 106 27
29 1 25
29 109 33
29 84 34
29 106 27
30 1 25
30 110 31
30 100 28
31 1 25
31 110 32
31 100 28
32 1 25
32 110 30
32 100 28
33 1 25
33 84 37
33 109 28
33 106 27
34 1 25
34 110 35
34 100 29
35 1 25
35 110 36
35 100 29
36 1 25
36 110 34
36 100 29
37 1 25
37 110 38
37 100 33
38 1 25
38 110 39
38 100 33
39 1 25
39 110 37
39 100 33
40 1 23
40 77 41
41 1 23
41 109 42
41 84 43
41 106 40
42 1 23
42 109 46
42 84 47
42 106 40
43 1 23
43 110 44
43 100 41
44 1 23
44 110 45
44 100 41
45 1 23
45 110 43
45 100 41
46 1 23
46 84 50
46 109 41
46 106 40
47 1 23
47 110 48
47 100 42
48 1 23
48 110 49
48 100 42
49 1 23
49 110 47
49 100 42
50 1 23
50 110 51
50 100 46
51 1 23
51 110 52
51 100 46
52 1 23
52 110 50
52 100 46
53 1 21
53 77 54
54 1 21
54 109 55
54 84 56
54 106 53
55 1 21
55 109 59
55 84 60
55 106 53
56 1 21
56 110 57
56 100 54
57 1 21
57 110 58
57 100 54
58 1 21
58 110 56
58 100 54
59 1 21
59 84 63
59 109 54
59 106 53
60 1 21
60 110 61
60 100 55
61 1 21
61 110 62
61 100 55
62 1 21
62 110 60
62 100 55
63 1 21
63 110 64
63 100 59
64 1 21
64 110 65
64 100 59
65 1 21
65 110 63
65 100 59
66 1 9
66 77 67
67 1 9
67 109 68
67 84 69
67 106 66
68 1 9
68 109 72
68 84 73
68 106 66
69 1 9
69 110 70
69 100 67
70 1 9
70 110 71
70 100 67
71 1 9
71 110 69
71 100 67
72 1 9
72 84 76
72 109 67
72 106 66
73 1 9
73 110 74
73 100 68
74 1 9
74 110 75
74 100 68
75 1 9
75 110 73
75 100 68
76 1 9
76 110 77
76 100 72
77 1 9
77 110 78
77 100 72
78 1 9
78 110 76
78 100 72
