# Format: <source_state_id> <instruction_id> <target_state_id>
0 0 1
11 32 20
11 30 21
11 34 22
11 21 23
20 1 11
20 0 94
21 1 11
21 0 93
22 1 11
22 0 80
23 34 24
23 32 25
23 30 26
23 116 27
23 48 11
24 1 23
24 0 67
25 1 23
25 0 66
26 1 23
26 0 65
27 34 28
27 32 29
27 30 30
27 116 31
27 48 11
28 1 27
28 0 52
29 1 27
29 0 51
30 1 27
30 0 50
31 34 32
31 32 33
31 30 34
31 116 23
31 48 11
32 1 31
32 0 37
33 1 31
33 0 36
34 1 31
34 0 35
35 1 31
36 1 31
37 1 31
37 84 38
38 1 31
38 117 39
38 91 40
38 113 37
39 1 31
39 117 43
39 91 44
39 113 37
40 1 31
40 118 41
40 107 38
41 1 31
41 118 42
41 107 38
42 1 31
42 118 40
42 107 38
43 1 31
43 91 47
43 117 38
43 113 37
44 1 31
44 118 45
44 107 39
45 1 31
45 118 46
45 107 39
46 1 31
46 118 44
46 107 39
47 1 31
47 118 48
47 107 43
48 1 31
48 118 49
48 107 43
49 1 31
49 118 47
49 107 43
50 1 27
51 1 27
52 1 27
52 84 53
53 1 27
53 117 54
53 91 55
53 113 52
54 1 27
54 117 58
54 91 59
54 113 52
55 1 27
55 118 56
55 107 53
56 1 27
56 118 57
56 107 53
57 1 27
57 118 55
57 107 53
58 1 27
58 91 62
58 117 53
58 113 52
59 1 27
59 118 60
59 107 54
60 1 27
60 118 61
60 107 54
61 1 27
61 118 59
61 107 54
62 1 27
62 118 63
62 107 58
63 1 27
63 118 64
63 107 58
64 1 27
64 118 62
64 107 58
65 1 23
66 1 23
67 1 23
67 84 68
68 1 23
68 117 69
68 91 70
68 113 67
69 1 23
69 117 73
69 91 74
69 113 67
70 1 23
70 118 71
70 107 68
71 1 23
71 118 72
71 107 68
72 1 23
72 118 70
72 107 68
73 1 23
73 91 77
73 117 68
73 113 67
74 1 23
74 118 75
74 107 69
75 1 23
75 118 76
75 107 69
76 1 23
76 118 74
76 107 69
77 1 23
77 118 78
77 107 73
78 1 23
78 118 79
78 107 73
79 1 23
79 118 77
79 107 73
80 1 11
80 84 81
81 1 11
81 117 82
81 91 83
81 113 80
82 1 11
82 117 86
82 91 87
82 113 80
83 1 11
83 118 84
83 107 81
84 1 11
84 118 85
84 107 81
85 1 11
85 118 83
85 107 81
86 1 11
86 91 90
86 117 81
86 113 80
87 1 11
87 118 88
87 107 82
88 1 11
88 118 89
88 107 82
89 1 11
89 118 87
89 107 82
90 1 11
90 118 91
90 107 86
91 1 11
91 118 92
91 107 86
92 1 11
92 118 90
92 107 86
93 1 11
94 1 11
