# Format: <source_state_id> <instruction_id> <target_state_id>
0 0 1
13 49 23
13 42 24
13 41 25
13 40 26
13 33 27
23 1 13
23 0 105
24 1 13
24 0 104
25 1 13
25 0 103
26 1 13
26 0 90
27 49 28
27 42 29
27 41 30
27 40 31
27 148 32
27 71 13
28 1 27
28 0 89
29 1 27
29 0 88
30 1 27
30 0 87
31 1 27
31 0 74
32 49 33
32 42 34
32 41 35
32 40 36
32 148 37
32 71 13
33 1 32
33 0 73
34 1 32
34 0 72
35 1 32
35 0 71
36 1 32
36 0 58
37 49 38
37 42 39
37 41 40
37 40 41
37 148 27
37 71 13
38 1 37
38 0 57
39 1 37
39 0 56
40 1 37
40 0 55
41 1 37
41 0 42
42 1 37
42 87 43
43 1 37
43 149 44
43 94 45
43 116 42
44 1 37
44 149 48
44 94 49
44 116 42
45 1 37
45 150 46
45 110 43
46 1 37
46 150 47
46 110 43
47 1 37
47 150 45
47 110 43
48 1 37
48 94 52
48 149 43
48 116 42
49 1 37
49 150 50
49 110 44
50 1 37
50 150 51
50 110 44
51 1 37
51 150 49
51 110 44
52 1 37
52 150 53
52 110 48
53 1 37
53 150 54
53 110 48
54 1 37
54 150 52
54 110 48
55 1 37
56 1 37
57 1 37
58 1 32
58 87 59
59 1 32
59 149 60
59 94 61
59 116 58
60 1 32
60 149 64
60 94 65
60 116 58
61 1 32
61 150 62
61 110 59
62 1 32
62 150 63
62 110 59
63 1 32
63 150 61
63 110 59
64 1 32
64 94 68
64 149 59
64 116 58
65 1 32
65 150 66
65 110 60
66 1 32
66 150 67
66 110 60
67 1 32
67 150 65
67 110 60
68 1 32
68 150 69
68 110 64
69 1 32
69 150 70
69 110 64
70 1 32
70 150 68
70 110 64
71 1 32
72 1 32
73 1 32
74 1 27
74 87 75
75 1 27
75 149 76
75 94 77
75 116 74
76 1 27
76 149 80
76 94 81
76 116 74
77 1 27
77 150 78
77 110 75
78 1 27
78 150 79
78 110 75
79 1 27
79 150 77
79 110 75
80 1 27
80 94 84
80 149 75
80 116 74
81 1 27
81 150 82
81 110 76
82 1 27
82 150 83
82 110 76
83 1 27
83 150 81
83 110 76
84 1 27
84 150 85
84 110 80
85 1 27
85 150 86
85 110 80
86 1 27
86 150 84
86 110 80
87 1 27
88 1 27
89 1 27
90 1 13
90 87 91
91 1 13
91 149 92
91 94 93
91 116 90
92 1 13
92 149 96
92 94 97
92 116 90
93 1 13
93 150 94
93 110 91
94 1 13
94 150 95
94 110 91
95 1 13
95 150 93
95 110 91
96 1 13
96 94 100
96 149 91
96 116 90
97 1 13
97 150 98
97 110 92
98 1 13
98 150 99
98 110 92
99 1 13
99 150 97
99 110 92
100 1 13
100 150 101
100 110 96
101 1 13
101 150 102
101 110 96
102 1 13
102 150 100
102 110 96
103 1 13
104 1 13
105 1 13
