# Format: <source_state_id> <instruction_id> <target_state_id>
0 0 1
11 238 190
11 237 191
16 77 35
16 66 36
16 78 37
16 65 38
16 48 39
16 47 40
16 43 41
16 36 42
22 200 29
22 199 30
26 215 27
27 1 26
27 0 28
28 1 26
29 1 22
29 0 34
30 1 22
30 0 31
31 1 22
31 169 32
32 1 31
32 0 33
33 1 31
34 1 22
35 1 16
35 0 187
36 1 16
36 0 184
37 1 16
37 0 181
38 1 16
38 0 178
39 1 16
39 0 175
40 1 16
40 0 172
41 1 16
41 0 159
42 77 43
42 66 44
42 78 45
42 65 46
42 48 47
42 47 48
42 43 49
42 240 50
42 80 16
43 1 42
43 0 156
44 1 42
44 0 153
45 1 42
45 0 150
46 1 42
46 0 147
47 1 42
47 0 144
48 1 42
48 0 141
49 1 42
49 0 128
50 77 51
50 66 52
50 78 53
50 65 54
50 48 55
50 47 56
50 43 57
50 240 58
50 80 16
51 1 50
51 0 125
52 1 50
52 0 122
53 1 50
53 0 119
54 1 50
54 0 116
55 1 50
55 0 113
56 1 50
56 0 110
57 1 50
57 0 97
58 77 59
58 66 60
58 78 61
58 65 62
58 48 63
58 47 64
58 43 65
58 240 42
58 80 16
59 1 58
59 0 94
60 1 58
60 0 91
61 1 58
61 0 88
62 1 58
62 0 85
63 1 58
63 0 82
64 1 58
64 0 79
65 1 58
65 0 66
66 1 58
66 105 67
67 1 58
67 241 68
67 112 69
67 134 66
68 1 58
68 241 72
68 112 73
68 134 66
69 1 58
69 242 70
69 128 67
70 1 58
70 242 71
70 128 67
71 1 58
71 242 69
71 128 67
72 1 58
72 112 76
72 241 67
72 134 66
73 1 58
73 242 74
73 128 68
74 1 58
74 242 75
74 128 68
75 1 58
75 242 73
75 128 68
76 1 58
76 242 77
76 128 72
77 1 58
77 242 78
77 128 72
78 1 58
78 242 76
78 128 72
79 1 58
79 143 80
80 1 79
80 0 81
81 1 79
82 1 58
82 152 83
83 1 82
83 0 84
84 1 82
85 1 58
85 161 86
86 1 85
86 0 87
87 1 85
88 1 58
88 169 89
89 1 88
89 0 90
90 1 88
91 1 58
91 169 92
92 1 91
92 0 93
93 1 91
94 1 58
94 161 95
95 1 94
95 0 96
96 1 94
97 1 50
97 105 98
98 1 50
98 241 99
98 112 100
98 134 97
99 1 50
99 241 103
99 112 104
99 134 97
100 1 50
100 242 101
100 128 98
101 1 50
101 242 102
101 128 98
102 1 50
102 242 100
102 128 98
103 1 50
103 112 107
103 241 98
103 134 97
104 1 50
104 242 105
104 128 99
105 1 50
105 242 106
105 128 99
106 1 50
106 242 104
106 128 99
107 1 50
107 242 108
107 128 103
108 1 50
108 242 109
108 128 103
109 1 50
109 242 107
109 128 103
110 1 50
110 143 111
111 1 110
111 0 112
112 1 110
113 1 50
113 152 114
114 1 113
114 0 115
115 1 113
116 1 50
116 161 117
117 1 116
117 0 118
118 1 116
119 1 50
119 169 120
120 1 119
120 0 121
121 1 119
122 1 50
122 169 123
123 1 122
123 0 124
124 1 122
125 1 50
125 161 126
126 1 125
126 0 127
127 1 125
128 1 42
128 105 129
129 1 42
129 241 130
129 112 131
129 134 128
130 1 42
130 241 134
130 112 135
130 134 128
131 1 42
131 242 132
131 128 129
132 1 42
132 242 133
132 128 129
133 1 42
133 242 131
133 128 129
134 1 42
134 112 138
134 241 129
134 134 128
135 1 42
135 242 136
135 128 130
136 1 42
136 242 137
136 128 130
137 1 42
137 242 135
137 128 130
138 1 42
138 242 139
138 128 134
139 1 42
139 242 140
139 128 134
140 1 42
140 242 138
140 128 134
141 1 42
141 143 142
142 1 141
142 0 143
143 1 141
144 1 42
144 152 145
145 1 144
145 0 146
146 1 144
147 1 42
147 161 148
148 1 147
148 0 149
149 1 147
150 1 42
150 169 151
151 1 150
151 0 152
152 1 150
153 1 42
153 169 154
154 1 153
154 0 155
155 1 153
156 1 42
156 161 157
157 1 156
157 0 158
158 1 156
159 1 16
159 105 160
160 1 16
160 241 161
160 112 162
160 134 159
161 1 16
161 241 165
161 112 166
161 134 159
162 1 16
162 242 163
162 128 160
163 1 16
163 242 164
163 128 160
164 1 16
164 242 162
164 128 160
165 1 16
165 112 169
165 241 160
165 134 159
166 1 16
166 242 167
166 128 161
167 1 16
167 242 168
167 128 161
168 1 16
168 242 166
168 128 161
169 1 16
169 242 170
169 128 165
170 1 16
170 242 171
170 128 165
171 1 16
171 242 169
171 128 165
172 1 16
172 143 173
173 1 172
173 0 174
174 1 172
175 1 16
175 152 176
176 1 175
176 0 177
177 1 175
178 1 16
178 161 179
179 1 178
179 0 180
180 1 178
181 1 16
181 169 182
182 1 181
182 0 183
183 1 181
184 1 16
184 169 185
185 1 184
185 0 186
186 1 184
187 1 16
187 161 188
188 1 187
188 0 189
189 1 187
190 1 11
190 0 195
191 1 11
191 0 192
192 1 11
192 161 193
193 1 192
193 0 194
194 1 192
195 1 11
