# Format: <source_state_id> <instruction_id> <target_state_id>
0 0 1
9 29 20
9 18 21
20 1 9
20 0 66
21 29 22
21 96 23
21 49 9
22 1 21
22 0 53
23 29 24
23 96 25
23 49 9
24 1 23
24 0 40
25 29 26
25 96 21
25 49 9
26 1 25
26 0 27
27 1 25
27 65 28
28 1 25
28 97 29
28 72 30
28 94 27
29 1 25
29 97 33
29 72 34
29 94 27
30 1 25
30 98 31
30 88 28
31 1 25
31 98 32
31 88 28
32 1 25
32 98 30
32 88 28
33 1 25
33 72 37
33 97 28
33 94 27
34 1 25
34 98 35
34 88 29
35 1 25
35 98 36
35 88 29
36 1 25
36 98 34
36 88 29
37 1 25
37 98 38
37 88 33
38 1 25
38 98 39
38 88 33
39 1 25
39 98 37
39 88 33
40 1 23
40 65 41
41 1 23
41 97 42
41 72 43
41 94 40
42 1 23
42 97 46
42 72 47
42 94 40
43 1 23
43 98 44
43 88 41
44 1 23
44 98 45
44 88 41
45 1 23
45 98 43
45 88 41
46 1 23
46 72 50
46 97 41
46 94 40
47 1 23
47 98 48
47 88 42
48 1 23
48 98 49
48 88 42
49 1 23
49 98 47
49 88 42
50 1 23
50 98 51
50 88 46
51 1 23
51 98 52
51 88 46
52 1 23
52 98 50
52 88 46
53 1 21
53 65 54
54 1 21
54 97 55
54 72 56
54 94 53
55 1 21
55 97 59
55 72 60
55 94 53
56 1 21
56 98 57
56 88 54
57 1 21
57 98 58
57 88 54
58 1 21
58 98 56
58 88 54
59 1 21
59 72 63
59 97 54
59 94 53
60 1 21
60 98 61
60 88 55
61 1 21
61 98 62
61 88 55
62 1 21
62 98 60
62 88 55
63 1 21
63 98 64
63 88 59
64 1 21
64 98 65
64 88 59
65 1 21
65 98 63
65 88 59
66 1 9
66 65 67
67 1 9
67 97 68
67 72 69
67 94 66
68 1 9
68 97 72
68 72 73
68 94 66
69 1 9
69 98 70
69 88 67
70 1 9
70 98 71
70 88 67
71 1 9
71 98 69
71 88 67
72 1 9
72 72 76
72 97 67
72 94 66
73 1 9
73 98 74
73 88 68
74 1 9
74 98 75
74 88 68
75 1 9
75 98 73
75 88 68
76 1 9
76 98 77
76 88 72
77 1 9
77 98 78
77 88 72
78 1 9
78 98 76
78 88 72
