# Format: <source_state_id> <instruction_id> <target_state_id>
0 0 1
11 38 20
11 42 21
11 29 22
11 22 23
20 1 11
20 0 94
21 1 11
21 0 93
22 1 11
22 0 80
23 38 24
23 42 25
23 29 26
23 118 27
23 53 11
24 1 23
24 0 79
25 1 23
25 0 78
26 1 23
26 0 65
27 38 28
27 42 29
27 29 30
27 118 31
27 53 11
28 1 27
28 0 64
29 1 27
29 0 63
30 1 27
30 0 50
31 38 32
31 42 33
31 29 34
31 118 23
31 53 11
32 1 31
32 0 49
33 1 31
33 0 48
34 1 31
34 0 35
35 1 31
35 69 36
36 1 31
36 119 37
36 76 38
36 98 35
37 1 31
37 119 41
37 76 42
37 98 35
38 120 39
38 1 31
38 92 36
39 120 40
39 1 31
39 92 36
40 120 38
40 1 31
40 92 36
41 1 31
41 76 45
41 119 36
41 98 35
42 120 43
42 1 31
42 92 37
43 120 44
43 1 31
43 92 37
44 120 42
44 1 31
44 92 37
45 120 46
45 1 31
45 92 41
46 120 47
46 1 31
46 92 41
47 120 45
47 1 31
47 92 41
48 1 31
49 1 31
50 1 27
50 69 51
51 1 27
51 119 52
51 76 53
51 98 50
52 1 27
52 119 56
52 76 57
52 98 50
53 120 54
53 1 27
53 92 51
54 120 55
54 1 27
54 92 51
55 120 53
55 1 27
55 92 51
56 1 27
56 76 60
56 119 51
56 98 50
57 120 58
57 1 27
57 92 52
58 120 59
58 1 27
58 92 52
59 120 57
59 1 27
59 92 52
60 120 61
60 1 27
60 92 56
61 120 62
61 1 27
61 92 56
62 120 60
62 1 27
62 92 56
63 1 27
64 1 27
65 1 23
65 69 66
66 1 23
66 119 67
66 76 68
66 98 65
67 1 23
67 119 71
67 76 72
67 98 65
68 120 69
68 1 23
68 92 66
69 120 70
69 1 23
69 92 66
70 120 68
70 1 23
70 92 66
71 1 23
71 76 75
71 119 66
71 98 65
72 120 73
72 1 23
72 92 67
73 120 74
73 1 23
73 92 67
74 120 72
74 1 23
74 92 67
75 120 76
75 1 23
75 92 71
76 120 77
76 1 23
76 92 71
77 120 75
77 1 23
77 92 71
78 1 23
79 1 23
80 1 11
80 69 81
81 1 11
81 119 82
81 76 83
81 98 80
82 1 11
82 119 86
82 76 87
82 98 80
83 120 84
83 1 11
83 92 81
84 120 85
84 1 11
84 92 81
85 120 83
85 1 11
85 92 81
86 1 11
86 76 90
86 119 81
86 98 80
87 120 88
87 1 11
87 92 82
88 120 89
88 1 11
88 92 82
89 120 87
89 1 11
89 92 82
90 120 91
90 1 11
90 92 86
91 120 92
91 1 11
91 92 86
92 120 90
92 1 11
92 92 86
93 1 11
94 1 11
