# Format: <source_state_id> <instruction_id> <target_state_id>
0 0 1
14 306 265
14 305 266
21 216 263
23 201 257
23 200 258
24 283 255
26 238 249
26 237 250
27 95 38
27 94 39
27 93 52
27 80 51
27 51 50
27 92 49
27 79 48
27 50 47
27 78 46
27 49 45
27 59 44
27 48 43
27 47 42
27 81 41
27 42 40
31 268 32
31 267 33
32 1 31
32 0 37
33 1 31
33 0 34
34 1 31
34 155 35
35 1 34
35 0 36
36 1 34
37 1 31
38 1 27
38 0 246
39 1 27
39 0 243
40 95 85
40 94 86
40 93 87
40 97 27
40 81 99
40 80 98
40 51 97
40 92 96
40 79 95
40 50 94
40 78 93
40 49 92
40 59 91
40 47 90
40 308 89
40 48 88
41 1 27
41 0 82
42 1 27
42 0 79
43 1 27
43 0 76
44 1 27
44 0 75
45 1 27
45 0 72
46 1 27
46 0 69
47 1 27
47 0 66
48 1 27
48 0 63
49 1 27
49 0 60
50 1 27
50 0 59
51 1 27
51 0 56
52 1 27
52 0 53
53 1 27
53 155 54
54 1 53
54 0 55
55 1 53
56 1 27
56 163 57
57 1 56
57 0 58
58 1 56
59 1 27
60 1 27
60 147 61
61 1 60
61 0 62
62 1 60
63 1 27
63 155 64
64 1 63
64 0 65
65 1 63
66 1 27
66 138 67
67 1 66
67 0 68
68 1 66
69 1 27
69 147 70
70 1 69
70 0 71
71 1 69
72 1 27
72 129 73
73 1 72
73 0 74
74 1 72
75 1 27
76 1 27
76 120 77
77 1 76
77 0 78
78 1 76
79 1 27
79 111 80
80 1 79
80 0 81
81 1 79
82 1 27
82 171 83
83 1 82
83 0 84
84 1 82
85 1 40
85 0 240
86 1 40
86 0 237
87 1 40
87 0 234
88 1 40
88 0 231
89 95 126
89 94 127
89 93 128
89 97 27
89 81 140
89 80 139
89 51 138
89 92 137
89 79 136
89 50 135
89 78 134
89 49 133
89 59 132
89 47 131
89 308 130
89 48 129
90 1 40
90 0 123
91 1 40
91 0 122
92 1 40
92 0 119
93 1 40
93 0 116
94 1 40
94 0 113
95 1 40
95 0 110
96 1 40
96 0 107
97 1 40
97 0 106
98 1 40
98 0 103
99 1 40
99 0 100
100 1 40
100 171 101
101 1 100
101 0 102
102 1 100
103 1 40
103 163 104
104 1 103
104 0 105
105 1 103
106 1 40
107 1 40
107 147 108
108 1 107
108 0 109
109 1 107
110 1 40
110 155 111
111 1 110
111 0 112
112 1 110
113 1 40
113 138 114
114 1 113
114 0 115
115 1 113
116 1 40
116 147 117
117 1 116
117 0 118
118 1 116
119 1 40
119 129 120
120 1 119
120 0 121
121 1 119
122 1 40
123 1 40
123 111 124
124 1 123
124 0 125
125 1 123
126 1 89
126 0 228
127 1 89
127 0 225
128 1 89
128 0 222
129 1 89
129 0 219
130 95 167
130 94 168
130 93 169
130 97 27
130 48 170
130 81 180
130 80 179
130 51 178
130 92 177
130 79 176
130 50 175
130 78 174
130 49 173
130 59 172
130 308 40
130 47 171
131 1 89
131 0 164
132 1 89
132 0 163
133 1 89
133 0 160
134 1 89
134 0 157
135 1 89
135 0 154
136 1 89
136 0 151
137 1 89
137 0 148
138 1 89
138 0 147
139 1 89
139 0 144
140 1 89
140 0 141
141 1 89
141 171 142
142 1 141
142 0 143
143 1 141
144 1 89
144 163 145
145 1 144
145 0 146
146 1 144
147 1 89
148 1 89
148 147 149
149 1 148
149 0 150
150 1 148
151 1 89
151 155 152
152 1 151
152 0 153
153 1 151
154 1 89
154 138 155
155 1 154
155 0 156
156 1 154
157 1 89
157 147 158
158 1 157
158 0 159
159 1 157
160 1 89
160 129 161
161 1 160
161 0 162
162 1 160
163 1 89
164 1 89
164 111 165
165 1 164
165 0 166
166 1 164
167 1 130
167 0 216
168 1 130
168 0 213
169 1 130
169 0 210
170 1 130
170 0 207
171 1 130
171 0 204
172 1 130
172 0 203
173 1 130
173 0 200
174 1 130
174 0 197
175 1 130
175 0 194
176 1 130
176 0 191
177 1 130
177 0 188
178 1 130
178 0 187
179 1 130
179 0 184
180 1 130
180 0 181
181 1 130
181 171 182
182 1 181
182 0 183
183 1 181
184 1 130
184 163 185
185 1 184
185 0 186
186 1 184
187 1 130
188 1 130
188 147 189
189 1 188
189 0 190
190 1 188
191 1 130
191 155 192
192 1 191
192 0 193
193 1 191
194 1 130
194 138 195
195 1 194
195 0 196
196 1 194
197 1 130
197 147 198
198 1 197
198 0 199
199 1 197
200 1 130
200 129 201
201 1 200
201 0 202
202 1 200
203 1 130
204 1 130
204 111 205
205 1 204
205 0 206
206 1 204
207 1 130
207 120 208
208 1 207
208 0 209
209 1 207
210 1 130
210 155 211
211 1 210
211 0 212
212 1 210
213 1 130
213 163 214
214 1 213
214 0 215
215 1 213
216 1 130
216 171 217
217 1 216
217 0 218
218 1 216
219 1 89
219 120 220
220 1 219
220 0 221
221 1 219
222 1 89
222 155 223
223 1 222
223 0 224
224 1 222
225 1 89
225 163 226
226 1 225
226 0 227
227 1 225
228 1 89
228 171 229
229 1 228
229 0 230
230 1 228
231 1 40
231 120 232
232 1 231
232 0 233
233 1 231
234 1 40
234 155 235
235 1 234
235 0 236
236 1 234
237 1 40
237 163 238
238 1 237
238 0 239
239 1 237
240 1 40
240 171 241
241 1 240
241 0 242
242 1 240
243 1 27
243 163 244
244 1 243
244 0 245
245 1 243
246 1 27
246 171 247
247 1 246
247 0 248
248 1 246
249 1 26
249 0 254
250 1 26
250 0 251
251 1 26
251 163 252
252 1 251
252 0 253
253 1 251
254 1 26
255 1 24
255 0 256
256 1 24
257 1 23
257 0 262
258 1 23
258 0 259
259 1 23
259 171 260
260 1 259
260 0 261
261 1 259
262 1 23
263 1 21
263 0 264
264 1 21
265 1 14
265 0 270
266 1 14
266 0 267
267 1 14
267 147 268
268 1 267
268 0 269
269 1 267
270 1 14
