# Format: <source_state_id> <instruction_id> <target_state_id>
0 0 1
15 94 20
15 74 21
15 28 22
15 24 23
20 1 15
20 0 265
21 1 15
21 0 252
22 1 15
22 0 251
23 94 24
23 74 25
23 28 26
23 149 27
23 40 28
23 102 15
24 1 23
24 0 250
25 1 23
25 0 237
26 1 23
26 0 236
27 94 85
27 74 86
27 28 87
27 149 88
27 40 89
27 102 15
28 74 29
28 28 30
28 150 32
28 94 31
28 55 23
29 1 28
29 0 72
30 1 28
30 0 71
31 1 28
31 0 70
32 74 33
32 28 34
32 150 36
32 94 35
32 55 23
33 1 32
33 0 57
34 1 32
34 0 56
35 1 32
35 0 55
36 74 37
36 28 38
36 150 28
36 94 39
36 55 23
37 1 36
37 0 42
38 1 36
38 0 41
39 1 36
39 0 40
40 1 36
41 1 36
42 1 36
42 118 43
43 1 36
43 152 44
43 125 45
43 147 42
44 1 36
44 152 48
44 125 49
44 147 42
45 1 36
45 153 46
45 141 43
46 1 36
46 153 47
46 141 43
47 1 36
47 153 45
47 141 43
48 1 36
48 125 52
48 152 43
48 147 42
49 1 36
49 153 50
49 141 44
50 1 36
50 153 51
50 141 44
51 1 36
51 153 49
51 141 44
52 1 36
52 153 53
52 141 48
53 1 36
53 153 54
53 141 48
54 1 36
54 153 52
54 141 48
55 1 32
56 1 32
57 1 32
57 118 58
58 1 32
58 152 59
58 125 60
58 147 57
59 1 32
59 152 63
59 125 64
59 147 57
60 1 32
60 153 61
60 141 58
61 1 32
61 153 62
61 141 58
62 1 32
62 153 60
62 141 58
63 1 32
63 125 67
63 152 58
63 147 57
64 1 32
64 153 65
64 141 59
65 1 32
65 153 66
65 141 59
66 1 32
66 153 64
66 141 59
67 1 32
67 153 68
67 141 63
68 1 32
68 153 69
68 141 63
69 1 32
69 153 67
69 141 63
70 1 28
71 1 28
72 1 28
72 118 73
73 1 28
73 152 74
73 125 75
73 147 72
74 1 28
74 152 78
74 125 79
74 147 72
75 1 28
75 153 76
75 141 73
76 1 28
76 153 77
76 141 73
77 1 28
77 153 75
77 141 73
78 1 28
78 125 82
78 152 73
78 147 72
79 1 28
79 153 80
79 141 74
80 1 28
80 153 81
80 141 74
81 1 28
81 153 79
81 141 74
82 1 28
82 153 83
82 141 78
83 1 28
83 153 84
83 141 78
84 1 28
84 153 82
84 141 78
85 1 27
85 0 235
86 1 27
86 0 222
87 1 27
87 0 221
88 94 146
88 74 147
88 28 148
88 40 149
88 149 23
88 102 15
89 74 90
89 28 91
89 150 93
89 94 92
89 55 27
90 1 89
90 0 133
91 1 89
91 0 132
92 1 89
92 0 131
93 74 94
93 28 95
93 150 97
93 94 96
93 55 27
94 1 93
94 0 118
95 1 93
95 0 117
96 1 93
96 0 116
97 74 98
97 28 99
97 150 89
97 94 100
97 55 27
98 1 97
98 0 103
99 1 97
99 0 102
100 1 97
100 0 101
101 1 97
102 1 97
103 1 97
103 118 104
104 1 97
104 152 105
104 125 106
104 147 103
105 1 97
105 152 109
105 125 110
105 147 103
106 1 97
106 153 107
106 141 104
107 1 97
107 153 108
107 141 104
108 1 97
108 153 106
108 141 104
109 1 97
109 125 113
109 152 104
109 147 103
110 1 97
110 153 111
110 141 105
111 1 97
111 153 112
111 141 105
112 1 97
112 153 110
112 141 105
113 1 97
113 153 114
113 141 109
114 1 97
114 153 115
114 141 109
115 1 97
115 153 113
115 141 109
116 1 93
117 1 93
118 1 93
118 118 119
119 1 93
119 152 120
119 125 121
119 147 118
120 1 93
120 152 124
120 125 125
120 147 118
121 1 93
121 153 122
121 141 119
122 1 93
122 153 123
122 141 119
123 1 93
123 153 121
123 141 119
124 1 93
124 125 128
124 152 119
124 147 118
125 1 93
125 153 126
125 141 120
126 1 93
126 153 127
126 141 120
127 1 93
127 153 125
127 141 120
128 1 93
128 153 129
128 141 124
129 1 93
129 153 130
129 141 124
130 1 93
130 153 128
130 141 124
131 1 89
132 1 89
133 1 89
133 118 134
134 1 89
134 152 135
134 125 136
134 147 133
135 1 89
135 152 139
135 125 140
135 147 133
136 1 89
136 153 137
136 141 134
137 1 89
137 153 138
137 141 134
138 1 89
138 153 136
138 141 134
139 1 89
139 125 143
139 152 134
139 147 133
140 1 89
140 153 141
140 141 135
141 1 89
141 153 142
141 141 135
142 1 89
142 153 140
142 141 135
143 1 89
143 153 144
143 141 139
144 1 89
144 153 145
144 141 139
145 1 89
145 153 143
145 141 139
146 1 88
146 0 220
147 1 88
147 0 207
148 1 88
148 0 206
149 74 150
149 28 151
149 150 153
149 94 152
149 55 88
150 1 149
150 0 193
151 1 149
151 0 192
152 1 149
152 0 191
153 74 154
153 28 155
153 150 157
153 94 156
153 55 88
154 1 153
154 0 178
155 1 153
155 0 177
156 1 153
156 0 176
157 74 158
157 28 159
157 150 149
157 94 160
157 55 88
158 1 157
158 0 163
159 1 157
159 0 162
160 1 157
160 0 161
161 1 157
162 1 157
163 1 157
163 118 164
164 1 157
164 152 165
164 125 166
164 147 163
165 1 157
165 152 169
165 125 170
165 147 163
166 1 157
166 153 167
166 141 164
167 1 157
167 153 168
167 141 164
168 1 157
168 153 166
168 141 164
169 1 157
169 125 173
169 152 164
169 147 163
170 1 157
170 153 171
170 141 165
171 1 157
171 153 172
171 141 165
172 1 157
172 153 170
172 141 165
173 1 157
173 153 174
173 141 169
174 1 157
174 153 175
174 141 169
175 1 157
175 153 173
175 141 169
176 1 153
177 1 153
178 1 153
178 118 179
179 1 153
179 152 180
179 125 181
179 147 178
180 1 153
180 152 184
180 125 185
180 147 178
181 1 153
181 153 182
181 141 179
182 1 153
182 153 183
182 141 179
183 1 153
183 153 181
183 141 179
184 1 153
184 125 188
184 152 179
184 147 178
185 1 153
185 153 186
185 141 180
186 1 153
186 153 187
186 141 180
187 1 153
187 153 185
187 141 180
188 1 153
188 153 189
188 141 184
189 1 153
189 153 190
189 141 184
190 1 153
190 153 188
190 141 184
191 1 149
192 1 149
193 1 149
193 118 194
194 1 149
194 152 195
194 125 196
194 147 193
195 1 149
195 152 199
195 125 200
195 147 193
196 1 149
196 153 197
196 141 194
197 1 149
197 153 198
197 141 194
198 1 149
198 153 196
198 141 194
199 1 149
199 125 203
199 152 194
199 147 193
200 1 149
200 153 201
200 141 195
201 1 149
201 153 202
201 141 195
202 1 149
202 153 200
202 141 195
203 1 149
203 153 204
203 141 199
204 1 149
204 153 205
204 141 199
205 1 149
205 153 203
205 141 199
206 1 88
207 1 88
207 118 208
208 1 88
208 152 209
208 125 210
208 147 207
209 1 88
209 152 213
209 125 214
209 147 207
210 1 88
210 153 211
210 141 208
211 1 88
211 153 212
211 141 208
212 1 88
212 153 210
212 141 208
213 1 88
213 125 217
213 152 208
213 147 207
214 1 88
214 153 215
214 141 209
215 1 88
215 153 216
215 141 209
216 1 88
216 153 214
216 141 209
217 1 88
217 153 218
217 141 213
218 1 88
218 153 219
218 141 213
219 1 88
219 153 217
219 141 213
220 1 88
221 1 27
222 1 27
222 118 223
223 1 27
223 152 224
223 125 225
223 147 222
224 1 27
224 152 228
224 125 229
224 147 222
225 1 27
225 153 226
225 141 223
226 1 27
226 153 227
226 141 223
227 1 27
227 153 225
227 141 223
228 1 27
228 125 232
228 152 223
228 147 222
229 1 27
229 153 230
229 141 224
230 1 27
230 153 231
230 141 224
231 1 27
231 153 229
231 141 224
232 1 27
232 153 233
232 141 228
233 1 27
233 153 234
233 141 228
234 1 27
234 153 232
234 141 228
235 1 27
236 1 23
237 1 23
237 118 238
238 1 23
238 152 239
238 125 240
238 147 237
239 1 23
239 152 243
239 125 244
239 147 237
240 1 23
240 153 241
240 141 238
241 1 23
241 153 242
241 141 238
242 1 23
242 153 240
242 141 238
243 1 23
243 125 247
243 152 238
243 147 237
244 1 23
244 153 245
244 141 239
245 1 23
245 153 246
245 141 239
246 1 23
246 153 244
246 141 239
247 1 23
247 153 248
247 141 243
248 1 23
248 153 249
248 141 243
249 1 23
249 153 247
249 141 243
250 1 23
251 1 15
252 1 15
252 118 253
253 1 15
253 152 254
253 125 255
253 147 252
254 1 15
254 152 258
254 125 259
254 147 252
255 1 15
255 153 256
255 141 253
256 1 15
256 153 257
256 141 253
257 1 15
257 153 255
257 141 253
258 1 15
258 125 262
258 152 253
258 147 252
259 1 15
259 153 260
259 141 254
260 1 15
260 153 261
260 141 254
261 1 15
261 153 259
261 141 254
262 1 15
262 153 263
262 141 258
263 1 15
263 153 264
263 141 258
264 1 15
264 153 262
264 141 258
265 1 15
