# Format: <source_state_id> <instruction_id> <target_state_id>
0 0 1
15 47 22
15 34 23
15 29 24
15 25 25
22 1 15
22 0 84
23 1 15
23 0 83
24 1 15
24 0 82
25 47 26
25 34 27
25 29 28
25 134 29
25 71 15
26 1 25
26 0 69
27 1 25
27 0 68
28 1 25
28 0 67
29 47 30
29 34 31
29 29 32
29 134 33
29 71 15
30 1 29
30 0 54
31 1 29
31 0 53
32 1 29
32 0 52
33 47 34
33 34 35
33 29 36
33 134 25
33 71 15
34 1 33
34 0 39
35 1 33
35 0 38
36 1 33
36 0 37
37 1 33
38 1 33
39 1 33
39 103 40
40 1 33
40 135 41
40 110 42
40 132 39
41 1 33
41 135 45
41 110 46
41 132 39
42 1 33
42 136 43
42 126 40
43 1 33
43 136 44
43 126 40
44 1 33
44 136 42
44 126 40
45 1 33
45 110 49
45 135 40
45 132 39
46 1 33
46 136 47
46 126 41
47 1 33
47 136 48
47 126 41
48 1 33
48 136 46
48 126 41
49 1 33
49 136 50
49 126 45
50 1 33
50 136 51
50 126 45
51 1 33
51 136 49
51 126 45
52 1 29
53 1 29
54 1 29
54 103 55
55 1 29
55 135 56
55 110 57
55 132 54
56 1 29
56 135 60
56 110 61
56 132 54
57 1 29
57 136 58
57 126 55
58 1 29
58 136 59
58 126 55
59 1 29
59 136 57
59 126 55
60 1 29
60 110 64
60 135 55
60 132 54
61 1 29
61 136 62
61 126 56
62 1 29
62 136 63
62 126 56
63 1 29
63 136 61
63 126 56
64 1 29
64 136 65
64 126 60
65 1 29
65 136 66
65 126 60
66 1 29
66 136 64
66 126 60
67 1 25
68 1 25
69 1 25
69 103 70
70 1 25
70 135 71
70 110 72
70 132 69
71 1 25
71 135 75
71 110 76
71 132 69
72 1 25
72 136 73
72 126 70
73 1 25
73 136 74
73 126 70
74 1 25
74 136 72
74 126 70
75 1 25
75 110 79
75 135 70
75 132 69
76 1 25
76 136 77
76 126 71
77 1 25
77 136 78
77 126 71
78 1 25
78 136 76
78 126 71
79 1 25
79 136 80
79 126 75
80 1 25
80 136 81
80 126 75
81 1 25
81 136 79
81 126 75
82 1 15
83 1 15
84 1 15
84 103 85
85 1 15
85 135 86
85 110 87
85 132 84
86 1 15
86 135 90
86 110 91
86 132 84
87 1 15
87 136 88
87 126 85
88 1 15
88 136 89
88 126 85
89 1 15
89 136 87
89 126 85
90 1 15
90 110 94
90 135 85
90 132 84
91 1 15
91 136 92
91 126 86
92 1 15
92 136 93
92 126 86
93 1 15
93 136 91
93 126 86
94 1 15
94 136 95
94 126 90
95 1 15
95 136 96
95 126 90
96 1 15
96 136 94
96 126 90
