# Format: <source_state_id> <instruction_id> <target_state_id>
0 0 1
9 47 20
9 30 21
20 1 9
20 0 66
21 47 22
21 124 23
21 72 9
22 1 21
22 0 53
23 47 24
23 124 25
23 72 9
24 1 23
24 0 40
25 47 26
25 124 21
25 72 9
26 1 25
26 0 27
27 1 25
27 92 28
28 1 25
28 125 29
28 99 30
28 121 27
29 1 25
29 125 33
29 99 34
29 121 27
30 1 25
30 126 31
30 115 28
31 1 25
31 126 32
31 115 28
32 1 25
32 126 30
32 115 28
33 1 25
33 99 37
33 125 28
33 121 27
34 1 25
34 126 35
34 115 29
35 1 25
35 126 36
35 115 29
36 1 25
36 126 34
36 115 29
37 1 25
37 126 38
37 115 33
38 1 25
38 126 39
38 115 33
39 1 25
39 126 37
39 115 33
40 1 23
40 92 41
41 1 23
41 125 42
41 99 43
41 121 40
42 1 23
42 125 46
42 99 47
42 121 40
43 1 23
43 126 44
43 115 41
44 1 23
44 126 45
44 115 41
45 1 23
45 126 43
45 115 41
46 1 23
46 99 50
46 125 41
46 121 40
47 1 23
47 126 48
47 115 42
48 1 23
48 126 49
48 115 42
49 1 23
49 126 47
49 115 42
50 1 23
50 126 51
50 115 46
51 1 23
51 126 52
51 115 46
52 1 23
52 126 50
52 115 46
53 1 21
53 92 54
54 1 21
54 125 55
54 99 56
54 121 53
55 1 21
55 125 59
55 99 60
55 121 53
56 1 21
56 126 57
56 115 54
57 1 21
57 126 58
57 115 54
58 1 21
58 126 56
58 115 54
59 1 21
59 99 63
59 125 54
59 121 53
60 1 21
60 126 61
60 115 55
61 1 21
61 126 62
61 115 55
62 1 21
62 126 60
62 115 55
63 1 21
63 126 64
63 115 59
64 1 21
64 126 65
64 115 59
65 1 21
65 126 63
65 115 59
66 1 9
66 92 67
67 1 9
67 125 68
67 99 69
67 121 66
68 1 9
68 125 72
68 99 73
68 121 66
69 1 9
69 126 70
69 115 67
70 1 9
70 126 71
70 115 67
71 1 9
71 126 69
71 115 67
72 1 9
72 99 76
72 125 67
72 121 66
73 1 9
73 126 74
73 115 68
74 1 9
74 126 75
74 115 68
75 1 9
75 126 73
75 115 68
76 1 9
76 126 77
76 115 72
77 1 9
77 126 78
77 115 72
78 1 9
78 126 76
78 115 72
