# Format: <source_state_id> <instruction_id> <target_state_id>
0 0 1
12 84 20
12 37 21
20 1 12
20 0 201
21 84 22
21 50 24
21 163 23
21 111 12
22 1 21
22 0 188
23 84 69
23 50 71
23 163 70
23 111 12
24 84 25
24 164 26
24 65 21
25 1 24
25 0 56
26 84 27
26 164 28
26 65 21
27 1 26
27 0 43
28 84 29
28 164 24
28 65 21
29 1 28
29 0 30
30 1 28
30 131 31
31 1 28
31 166 32
31 138 33
31 160 30
32 1 28
32 166 36
32 138 37
32 160 30
33 1 28
33 167 34
33 154 31
34 1 28
34 167 35
34 154 31
35 1 28
35 167 33
35 154 31
36 1 28
36 138 40
36 166 31
36 160 30
37 1 28
37 167 38
37 154 32
38 1 28
38 167 39
38 154 32
39 1 28
39 167 37
39 154 32
40 1 28
40 167 41
40 154 36
41 1 28
41 167 42
41 154 36
42 1 28
42 167 40
42 154 36
43 1 26
43 131 44
44 1 26
44 166 45
44 138 46
44 160 43
45 1 26
45 166 49
45 138 50
45 160 43
46 1 26
46 167 47
46 154 44
47 1 26
47 167 48
47 154 44
48 1 26
48 167 46
48 154 44
49 1 26
49 138 53
49 166 44
49 160 43
50 1 26
50 167 51
50 154 45
51 1 26
51 167 52
51 154 45
52 1 26
52 167 50
52 154 45
53 1 26
53 167 54
53 154 49
54 1 26
54 167 55
54 154 49
55 1 26
55 167 53
55 154 49
56 1 24
56 131 57
57 1 24
57 166 58
57 138 59
57 160 56
58 1 24
58 166 62
58 138 63
58 160 56
59 1 24
59 167 60
59 154 57
60 1 24
60 167 61
60 154 57
61 1 24
61 167 59
61 154 57
62 1 24
62 138 66
62 166 57
62 160 56
63 1 24
63 167 64
63 154 58
64 1 24
64 167 65
64 154 58
65 1 24
65 167 63
65 154 58
66 1 24
66 167 67
66 154 62
67 1 24
67 167 68
67 154 62
68 1 24
68 167 66
68 154 62
69 1 23
69 0 175
70 84 116
70 50 117
70 163 21
70 111 12
71 84 72
71 164 73
71 65 23
72 1 71
72 0 103
73 84 74
73 164 75
73 65 23
74 1 73
74 0 90
75 84 76
75 164 71
75 65 23
76 1 75
76 0 77
77 1 75
77 131 78
78 1 75
78 166 79
78 138 80
78 160 77
79 1 75
79 166 83
79 138 84
79 160 77
80 1 75
80 167 81
80 154 78
81 1 75
81 167 82
81 154 78
82 1 75
82 167 80
82 154 78
83 1 75
83 138 87
83 166 78
83 160 77
84 1 75
84 167 85
84 154 79
85 1 75
85 167 86
85 154 79
86 1 75
86 167 84
86 154 79
87 1 75
87 167 88
87 154 83
88 1 75
88 167 89
88 154 83
89 1 75
89 167 87
89 154 83
90 1 73
90 131 91
91 1 73
91 166 92
91 138 93
91 160 90
92 1 73
92 166 96
92 138 97
92 160 90
93 1 73
93 167 94
93 154 91
94 1 73
94 167 95
94 154 91
95 1 73
95 167 93
95 154 91
96 1 73
96 138 100
96 166 91
96 160 90
97 1 73
97 167 98
97 154 92
98 1 73
98 167 99
98 154 92
99 1 73
99 167 97
99 154 92
100 1 73
100 167 101
100 154 96
101 1 73
101 167 102
101 154 96
102 1 73
102 167 100
102 154 96
103 1 71
103 131 104
104 1 71
104 166 105
104 138 106
104 160 103
105 1 71
105 166 109
105 138 110
105 160 103
106 1 71
106 167 107
106 154 104
107 1 71
107 167 108
107 154 104
108 1 71
108 167 106
108 154 104
109 1 71
109 138 113
109 166 104
109 160 103
110 1 71
110 167 111
110 154 105
111 1 71
111 167 112
111 154 105
112 1 71
112 167 110
112 154 105
113 1 71
113 167 114
113 154 109
114 1 71
114 167 115
114 154 109
115 1 71
115 167 113
115 154 109
116 1 70
116 0 162
117 84 118
117 164 119
117 65 70
118 1 117
118 0 149
119 84 120
119 164 121
119 65 70
120 1 119
120 0 136
121 84 122
121 164 117
121 65 70
122 1 121
122 0 123
123 1 121
123 131 124
124 1 121
124 166 125
124 138 126
124 160 123
125 1 121
125 166 129
125 138 130
125 160 123
126 1 121
126 167 127
126 154 124
127 1 121
127 167 128
127 154 124
128 1 121
128 167 126
128 154 124
129 1 121
129 138 133
129 166 124
129 160 123
130 1 121
130 167 131
130 154 125
131 1 121
131 167 132
131 154 125
132 1 121
132 167 130
132 154 125
133 1 121
133 167 134
133 154 129
134 1 121
134 167 135
134 154 129
135 1 121
135 167 133
135 154 129
136 1 119
136 131 137
137 1 119
137 166 138
137 138 139
137 160 136
138 1 119
138 166 142
138 138 143
138 160 136
139 1 119
139 167 140
139 154 137
140 1 119
140 167 141
140 154 137
141 1 119
141 167 139
141 154 137
142 1 119
142 138 146
142 166 137
142 160 136
143 1 119
143 167 144
143 154 138
144 1 119
144 167 145
144 154 138
145 1 119
145 167 143
145 154 138
146 1 119
146 167 147
146 154 142
147 1 119
147 167 148
147 154 142
148 1 119
148 167 146
148 154 142
149 1 117
149 131 150
150 1 117
150 166 151
150 138 152
150 160 149
151 1 117
151 166 155
151 138 156
151 160 149
152 1 117
152 167 153
152 154 150
153 1 117
153 167 154
153 154 150
154 1 117
154 167 152
154 154 150
155 1 117
155 138 159
155 166 150
155 160 149
156 1 117
156 167 157
156 154 151
157 1 117
157 167 158
157 154 151
158 1 117
158 167 156
158 154 151
159 1 117
159 167 160
159 154 155
160 1 117
160 167 161
160 154 155
161 1 117
161 167 159
161 154 155
162 1 70
162 131 163
163 1 70
163 166 164
163 138 165
163 160 162
164 1 70
164 166 168
164 138 169
164 160 162
165 1 70
165 167 166
165 154 163
166 1 70
166 167 167
166 154 163
167 1 70
167 167 165
167 154 163
168 1 70
168 138 172
168 166 163
168 160 162
169 1 70
169 167 170
169 154 164
170 1 70
170 167 171
170 154 164
171 1 70
171 167 169
171 154 164
172 1 70
172 167 173
172 154 168
173 1 70
173 167 174
173 154 168
174 1 70
174 167 172
174 154 168
175 1 23
175 131 176
176 1 23
176 166 177
176 138 178
176 160 175
177 1 23
177 166 181
177 138 182
177 160 175
178 1 23
178 167 179
178 154 176
179 1 23
179 167 180
179 154 176
180 1 23
180 167 178
180 154 176
181 1 23
181 138 185
181 166 176
181 160 175
182 1 23
182 167 183
182 154 177
183 1 23
183 167 184
183 154 177
184 1 23
184 167 182
184 154 177
185 1 23
185 167 186
185 154 181
186 1 23
186 167 187
186 154 181
187 1 23
187 167 185
187 154 181
188 1 21
188 131 189
189 1 21
189 166 190
189 138 191
189 160 188
190 1 21
190 166 194
190 138 195
190 160 188
191 1 21
191 167 192
191 154 189
192 1 21
192 167 193
192 154 189
193 1 21
193 167 191
193 154 189
194 1 21
194 138 198
194 166 189
194 160 188
195 1 21
195 167 196
195 154 190
196 1 21
196 167 197
196 154 190
197 1 21
197 167 195
197 154 190
198 1 21
198 167 199
198 154 194
199 1 21
199 167 200
199 154 194
200 1 21
200 167 198
200 154 194
201 1 12
201 131 202
202 1 12
202 166 203
202 138 204
202 160 201
203 1 12
203 166 207
203 138 208
203 160 201
204 1 12
204 167 205
204 154 202
205 1 12
205 167 206
205 154 202
206 1 12
206 167 204
206 154 202
207 1 12
207 138 211
207 166 202
207 160 201
208 1 12
208 167 209
208 154 203
209 1 12
209 167 210
209 154 203
210 1 12
210 167 208
210 154 203
211 1 12
211 167 212
211 154 207
212 1 12
212 167 213
212 154 207
213 1 12
213 167 211
213 154 207
