# Format: <source_state_id> <instruction_id> <target_state_id>
0 0 1
14 37 22
14 24 23
22 1 14
22 0 68
23 37 24
23 117 25
23 49 14
24 1 23
24 0 55
25 37 26
25 117 27
25 49 14
26 1 25
26 0 42
27 37 28
27 117 23
27 49 14
28 1 27
28 0 29
29 1 27
29 85 30
30 1 27
30 118 31
30 92 32
30 114 29
31 1 27
31 118 35
31 92 36
31 114 29
32 1 27
32 119 33
32 108 30
33 1 27
33 119 34
33 108 30
34 1 27
34 119 32
34 108 30
35 1 27
35 92 39
35 118 30
35 114 29
36 1 27
36 119 37
36 108 31
37 1 27
37 119 38
37 108 31
38 1 27
38 119 36
38 108 31
39 1 27
39 119 40
39 108 35
40 1 27
40 119 41
40 108 35
41 1 27
41 119 39
41 108 35
42 1 25
42 85 43
43 1 25
43 118 44
43 92 45
43 114 42
44 1 25
44 118 48
44 92 49
44 114 42
45 1 25
45 119 46
45 108 43
46 1 25
46 119 47
46 108 43
47 1 25
47 119 45
47 108 43
48 1 25
48 92 52
48 118 43
48 114 42
49 1 25
49 119 50
49 108 44
50 1 25
50 119 51
50 108 44
51 1 25
51 119 49
51 108 44
52 1 25
52 119 53
52 108 48
53 1 25
53 119 54
53 108 48
54 1 25
54 119 52
54 108 48
55 1 23
55 85 56
56 1 23
56 118 57
56 92 58
56 114 55
57 1 23
57 118 61
57 92 62
57 114 55
58 1 23
58 119 59
58 108 56
59 1 23
59 119 60
59 108 56
60 1 23
60 119 58
60 108 56
61 1 23
61 92 65
61 118 56
61 114 55
62 1 23
62 119 63
62 108 57
63 1 23
63 119 64
63 108 57
64 1 23
64 119 62
64 108 57
65 1 23
65 119 66
65 108 61
66 1 23
66 119 67
66 108 61
67 1 23
67 119 65
67 108 61
68 1 14
68 85 69
69 1 14
69 118 70
69 92 71
69 114 68
70 1 14
70 118 74
70 92 75
70 114 68
71 1 14
71 119 72
71 108 69
72 1 14
72 119 73
72 108 69
73 1 14
73 119 71
73 108 69
74 1 14
74 92 78
74 118 69
74 114 68
75 1 14
75 119 76
75 108 70
76 1 14
76 119 77
76 108 70
77 1 14
77 119 75
77 108 70
78 1 14
78 119 79
78 108 74
79 1 14
79 119 80
79 108 74
80 1 14
80 119 78
80 108 74
