# Format: <source_state_id> <instruction_id> <target_state_id>
0 0 1
9 27 20
9 15 21
20 1 9
20 0 66
21 27 22
21 105 23
21 58 9
22 1 21
22 0 53
23 27 24
23 105 25
23 58 9
24 1 23
24 0 40
25 27 26
25 105 21
25 58 9
26 1 25
26 0 27
27 1 25
27 74 28
28 1 25
28 106 29
28 81 30
28 103 27
29 1 25
29 106 33
29 81 34
29 103 27
30 1 25
30 107 31
30 97 28
31 1 25
31 107 32
31 97 28
32 1 25
32 107 30
32 97 28
33 1 25
33 81 37
33 106 28
33 103 27
34 1 25
34 107 35
34 97 29
35 1 25
35 107 36
35 97 29
36 1 25
36 107 34
36 97 29
37 1 25
37 107 38
37 97 33
38 1 25
38 107 39
38 97 33
39 1 25
39 107 37
39 97 33
40 1 23
40 74 41
41 1 23
41 106 42
41 81 43
41 103 40
42 1 23
42 106 46
42 81 47
42 103 40
43 1 23
43 107 44
43 97 41
44 1 23
44 107 45
44 97 41
45 1 23
45 107 43
45 97 41
46 1 23
46 81 50
46 106 41
46 103 40
47 1 23
47 107 48
47 97 42
48 1 23
48 107 49
48 97 42
49 1 23
49 107 47
49 97 42
50 1 23
50 107 51
50 97 46
51 1 23
51 107 52
51 97 46
52 1 23
52 107 50
52 97 46
53 1 21
53 74 54
54 1 21
54 106 55
54 81 56
54 103 53
55 1 21
55 106 59
55 81 60
55 103 53
56 1 21
56 107 57
56 97 54
57 1 21
57 107 58
57 97 54
58 1 21
58 107 56
58 97 54
59 1 21
59 81 63
59 106 54
59 103 53
60 1 21
60 107 61
60 97 55
61 1 21
61 107 62
61 97 55
62 1 21
62 107 60
62 97 55
63 1 21
63 107 64
63 97 59
64 1 21
64 107 65
64 97 59
65 1 21
65 107 63
65 97 59
66 1 9
66 74 67
67 1 9
67 106 68
67 81 69
67 103 66
68 1 9
68 106 72
68 81 73
68 103 66
69 1 9
69 107 70
69 97 67
70 1 9
70 107 71
70 97 67
71 1 9
71 107 69
71 97 67
72 1 9
72 81 76
72 106 67
72 103 66
73 1 9
73 107 74
73 97 68
74 1 9
74 107 75
74 97 68
75 1 9
75 107 73
75 97 68
76 1 9
76 107 77
76 97 72
77 1 9
77 107 78
77 97 72
78 1 9
78 107 76
78 97 72
