# Format: <source_state_id> <instruction_id> <target_state_id>
0 0 1
14 63 21
14 37 22
14 36 23
14 34 24
14 29 25
14 25 26
21 1 14
21 0 111
22 1 14
22 0 110
23 1 14
23 0 109
24 1 14
24 0 96
25 1 14
25 0 95
26 63 27
26 37 28
26 36 29
26 34 30
26 29 31
26 130 32
26 70 14
27 1 26
27 0 94
28 1 26
28 0 93
29 1 26
29 0 92
30 1 26
30 0 79
31 1 26
31 0 78
32 63 33
32 37 34
32 36 35
32 34 36
32 29 37
32 130 38
32 70 14
33 1 32
33 0 77
34 1 32
34 0 76
35 1 32
35 0 75
36 1 32
36 0 62
37 1 32
37 0 61
38 63 39
38 37 40
38 36 41
38 34 42
38 29 43
38 130 26
38 70 14
39 1 38
39 0 60
40 1 38
40 0 59
41 1 38
41 0 58
42 1 38
42 0 45
43 1 38
43 0 44
44 1 38
45 1 38
45 90 46
46 1 38
46 131 47
46 97 48
46 119 45
47 1 38
47 131 51
47 97 52
47 119 45
48 1 38
48 132 49
48 113 46
49 1 38
49 132 50
49 113 46
50 1 38
50 132 48
50 113 46
51 97 55
51 1 38
51 131 46
51 119 45
52 1 38
52 132 53
52 113 47
53 1 38
53 132 54
53 113 47
54 1 38
54 132 52
54 113 47
55 1 38
55 132 56
55 113 51
56 1 38
56 132 57
56 113 51
57 1 38
57 132 55
57 113 51
58 1 38
59 1 38
60 1 38
61 1 32
62 1 32
62 90 63
63 1 32
63 131 64
63 97 65
63 119 62
64 1 32
64 131 68
64 97 69
64 119 62
65 1 32
65 132 66
65 113 63
66 1 32
66 132 67
66 113 63
67 1 32
67 132 65
67 113 63
68 97 72
68 1 32
68 131 63
68 119 62
69 1 32
69 132 70
69 113 64
70 1 32
70 132 71
70 113 64
71 1 32
71 132 69
71 113 64
72 1 32
72 132 73
72 113 68
73 1 32
73 132 74
73 113 68
74 1 32
74 132 72
74 113 68
75 1 32
76 1 32
77 1 32
78 1 26
79 1 26
79 90 80
80 1 26
80 131 81
80 97 82
80 119 79
81 1 26
81 131 85
81 97 86
81 119 79
82 1 26
82 132 83
82 113 80
83 1 26
83 132 84
83 113 80
84 1 26
84 132 82
84 113 80
85 97 89
85 1 26
85 131 80
85 119 79
86 1 26
86 132 87
86 113 81
87 1 26
87 132 88
87 113 81
88 1 26
88 132 86
88 113 81
89 1 26
89 132 90
89 113 85
90 1 26
90 132 91
90 113 85
91 1 26
91 132 89
91 113 85
92 1 26
93 1 26
94 1 26
95 1 14
96 1 14
96 90 97
97 1 14
97 131 98
97 97 99
97 119 96
98 1 14
98 131 102
98 97 103
98 119 96
99 1 14
99 132 100
99 113 97
100 1 14
100 132 101
100 113 97
101 1 14
101 132 99
101 113 97
102 97 106
102 1 14
102 131 97
102 119 96
103 1 14
103 132 104
103 113 98
104 1 14
104 132 105
104 113 98
105 1 14
105 132 103
105 113 98
106 1 14
106 132 107
106 113 102
107 1 14
107 132 108
107 113 102
108 1 14
108 132 106
108 113 102
109 1 14
110 1 14
111 1 14
