# Format: <source_state_id> <instruction_id> <target_state_id>
0 0 1
10 45 20
10 43 21
10 40 22
10 31 23
20 1 10
20 0 82
21 1 10
21 0 81
22 1 10
22 0 80
23 43 24
23 40 26
23 144 27
23 45 25
23 71 10
24 1 23
24 0 79
25 1 23
25 0 66
26 1 23
26 0 65
27 43 28
27 40 30
27 144 31
27 45 29
27 71 10
28 1 27
28 0 64
29 1 27
29 0 51
30 1 27
30 0 50
31 43 32
31 40 34
31 144 23
31 45 33
31 71 10
32 1 31
32 0 49
33 1 31
33 0 36
34 1 31
34 0 35
35 1 31
36 1 31
36 113 37
37 1 31
37 145 38
37 120 39
37 142 36
38 1 31
38 145 42
38 120 43
38 142 36
39 1 31
39 146 40
39 136 37
40 1 31
40 146 41
40 136 37
41 1 31
41 146 39
41 136 37
42 1 31
42 120 46
42 145 37
42 142 36
43 1 31
43 146 44
43 136 38
44 1 31
44 146 45
44 136 38
45 1 31
45 146 43
45 136 38
46 1 31
46 146 47
46 136 42
47 1 31
47 146 48
47 136 42
48 1 31
48 146 46
48 136 42
49 1 31
50 1 27
51 1 27
51 113 52
52 1 27
52 145 53
52 120 54
52 142 51
53 1 27
53 145 57
53 120 58
53 142 51
54 1 27
54 146 55
54 136 52
55 1 27
55 146 56
55 136 52
56 1 27
56 146 54
56 136 52
57 1 27
57 120 61
57 145 52
57 142 51
58 1 27
58 146 59
58 136 53
59 1 27
59 146 60
59 136 53
60 1 27
60 146 58
60 136 53
61 1 27
61 146 62
61 136 57
62 1 27
62 146 63
62 136 57
63 1 27
63 146 61
63 136 57
64 1 27
65 1 23
66 1 23
66 113 67
67 1 23
67 145 68
67 120 69
67 142 66
68 1 23
68 145 72
68 120 73
68 142 66
69 1 23
69 146 70
69 136 67
70 1 23
70 146 71
70 136 67
71 1 23
71 146 69
71 136 67
72 1 23
72 120 76
72 145 67
72 142 66
73 1 23
73 146 74
73 136 68
74 1 23
74 146 75
74 136 68
75 1 23
75 146 73
75 136 68
76 1 23
76 146 77
76 136 72
77 1 23
77 146 78
77 136 72
78 1 23
78 146 76
78 136 72
79 1 23
80 1 10
81 1 10
82 1 10
82 113 83
83 1 10
83 145 84
83 120 85
83 142 82
84 1 10
84 145 88
84 120 89
84 142 82
85 1 10
85 146 86
85 136 83
86 1 10
86 146 87
86 136 83
87 1 10
87 146 85
87 136 83
88 1 10
88 120 92
88 145 83
88 142 82
89 1 10
89 146 90
89 136 84
90 1 10
90 146 91
90 136 84
91 1 10
91 146 89
91 136 84
92 1 10
92 146 93
92 136 88
93 1 10
93 146 94
93 136 88
94 1 10
94 146 92
94 136 88
