# Format: <source_state_id> <instruction_id> <target_state_id>
0 0 1
7 85 20
7 77 21
20 1 7
20 0 48
21 85 22
21 98 23
21 95 7
22 1 21
22 0 41
23 85 24
23 98 25
23 95 7
24 1 23
24 0 34
25 85 26
25 98 21
25 95 7
26 1 25
26 0 27
27 1 25
27 56 28
27 52 29
27 45 30
28 1 27
28 0 33
29 1 27
29 0 32
30 1 27
30 0 31
31 1 27
32 1 27
33 1 27
34 1 23
34 56 35
34 52 36
34 45 37
35 1 34
35 0 40
36 1 34
36 0 39
37 1 34
37 0 38
38 1 34
39 1 34
40 1 34
41 1 21
41 56 42
41 52 43
41 45 44
42 1 41
42 0 47
43 1 41
43 0 46
44 1 41
44 0 45
45 1 41
46 1 41
47 1 41
48 1 7
48 56 49
48 52 50
48 45 51
49 1 48
49 0 54
50 1 48
50 0 53
51 1 48
51 0 52
52 1 48
53 1 48
54 1 48
