# Format: <source_state_id> <instruction_id> <target_state_id>
0 0 1
10 38 20
10 35 21
10 28 22
20 1 10
20 0 86
21 1 10
21 0 73
22 38 23
22 35 24
22 128 25
22 63 10
23 1 22
23 0 72
24 1 22
24 0 59
25 38 26
25 35 27
25 128 28
25 63 10
26 1 25
26 0 58
27 1 25
27 0 45
28 38 29
28 35 30
28 128 22
28 63 10
29 1 28
29 0 44
30 1 28
30 0 31
31 1 28
31 83 32
32 1 28
32 129 33
32 90 34
32 112 31
33 1 28
33 129 37
33 90 38
33 112 31
34 1 28
34 130 35
34 106 32
35 1 28
35 130 36
35 106 32
36 1 28
36 130 34
36 106 32
37 1 28
37 90 41
37 129 32
37 112 31
38 1 28
38 130 39
38 106 33
39 1 28
39 130 40
39 106 33
40 1 28
40 130 38
40 106 33
41 1 28
41 130 42
41 106 37
42 1 28
42 130 43
42 106 37
43 1 28
43 130 41
43 106 37
44 1 28
45 1 25
45 83 46
46 1 25
46 129 47
46 90 48
46 112 45
47 1 25
47 129 51
47 90 52
47 112 45
48 1 25
48 130 49
48 106 46
49 1 25
49 130 50
49 106 46
50 1 25
50 130 48
50 106 46
51 1 25
51 90 55
51 129 46
51 112 45
52 1 25
52 130 53
52 106 47
53 1 25
53 130 54
53 106 47
54 1 25
54 130 52
54 106 47
55 1 25
55 130 56
55 106 51
56 1 25
56 130 57
56 106 51
57 1 25
57 130 55
57 106 51
58 1 25
59 1 22
59 83 60
60 1 22
60 129 61
60 90 62
60 112 59
61 1 22
61 129 65
61 90 66
61 112 59
62 1 22
62 130 63
62 106 60
63 1 22
63 130 64
63 106 60
64 1 22
64 130 62
64 106 60
65 1 22
65 90 69
65 129 60
65 112 59
66 1 22
66 130 67
66 106 61
67 1 22
67 130 68
67 106 61
68 1 22
68 130 66
68 106 61
69 1 22
69 130 70
69 106 65
70 1 22
70 130 71
70 106 65
71 1 22
71 130 69
71 106 65
72 1 22
73 1 10
73 83 74
74 1 10
74 129 75
74 90 76
74 112 73
75 1 10
75 129 79
75 90 80
75 112 73
76 1 10
76 130 77
76 106 74
77 1 10
77 130 78
77 106 74
78 1 10
78 130 76
78 106 74
79 1 10
79 90 83
79 129 74
79 112 73
80 1 10
80 130 81
80 106 75
81 1 10
81 130 82
81 106 75
82 1 10
82 130 80
82 106 75
83 1 10
83 130 84
83 106 79
84 1 10
84 130 85
84 106 79
85 1 10
85 130 83
85 106 79
86 1 10
