# Format: <source_state_id> <instruction_id> <target_state_id>
0 0 1
12 24 20
12 23 21
12 18 22
20 1 12
20 0 86
21 1 12
21 0 73
22 23 23
22 110 25
22 24 24
22 50 12
23 1 22
23 0 60
24 1 22
24 0 59
25 23 26
25 110 28
25 24 27
25 50 12
26 1 25
26 0 46
27 1 25
27 0 45
28 23 29
28 110 22
28 24 30
28 50 12
29 1 28
29 0 32
30 1 28
30 0 31
31 1 28
32 1 28
32 66 33
33 1 28
33 111 34
33 73 35
33 95 32
34 1 28
34 111 38
34 73 39
34 95 32
35 1 28
35 112 36
35 89 33
36 1 28
36 112 37
36 89 33
37 1 28
37 112 35
37 89 33
38 1 28
38 73 42
38 111 33
38 95 32
39 1 28
39 112 40
39 89 34
40 1 28
40 112 41
40 89 34
41 1 28
41 112 39
41 89 34
42 1 28
42 112 43
42 89 38
43 1 28
43 112 44
43 89 38
44 1 28
44 112 42
44 89 38
45 1 25
46 1 25
46 66 47
47 1 25
47 111 48
47 73 49
47 95 46
48 1 25
48 111 52
48 73 53
48 95 46
49 1 25
49 112 50
49 89 47
50 1 25
50 112 51
50 89 47
51 1 25
51 112 49
51 89 47
52 1 25
52 73 56
52 111 47
52 95 46
53 1 25
53 112 54
53 89 48
54 1 25
54 112 55
54 89 48
55 1 25
55 112 53
55 89 48
56 1 25
56 112 57
56 89 52
57 1 25
57 112 58
57 89 52
58 1 25
58 112 56
58 89 52
59 1 22
60 1 22
60 66 61
61 1 22
61 111 62
61 73 63
61 95 60
62 1 22
62 111 66
62 73 67
62 95 60
63 1 22
63 112 64
63 89 61
64 1 22
64 112 65
64 89 61
65 1 22
65 112 63
65 89 61
66 1 22
66 73 70
66 111 61
66 95 60
67 1 22
67 112 68
67 89 62
68 1 22
68 112 69
68 89 62
69 1 22
69 112 67
69 89 62
70 1 22
70 112 71
70 89 66
71 1 22
71 112 72
71 89 66
72 1 22
72 112 70
72 89 66
73 1 12
73 66 74
74 1 12
74 111 75
74 73 76
74 95 73
75 1 12
75 111 79
75 73 80
75 95 73
76 1 12
76 112 77
76 89 74
77 1 12
77 112 78
77 89 74
78 1 12
78 112 76
78 89 74
79 1 12
79 73 83
79 111 74
79 95 73
80 1 12
80 112 81
80 89 75
81 1 12
81 112 82
81 89 75
82 1 12
82 112 80
82 89 75
83 1 12
83 112 84
83 89 79
84 1 12
84 112 85
84 89 79
85 1 12
85 112 83
85 89 79
86 1 12
