# Format: <source_state_id> <instruction_id> <target_state_id>
0 0 1
11 32 20
11 29 21
11 25 22
20 1 11
20 0 74
21 1 11
21 0 73
22 32 23
22 29 24
22 129 25
22 77 11
23 1 22
23 0 60
24 1 22
24 0 59
25 32 26
25 29 27
25 129 28
25 77 11
26 1 25
26 0 46
27 1 25
27 0 45
28 32 29
28 29 30
28 129 22
28 77 11
29 1 28
29 0 32
30 1 28
30 0 31
31 1 28
32 1 28
32 97 33
33 1 28
33 130 34
33 104 35
33 126 32
34 1 28
34 130 38
34 104 39
34 126 32
35 1 28
35 131 36
35 120 33
36 1 28
36 131 37
36 120 33
37 1 28
37 131 35
37 120 33
38 1 28
38 104 42
38 130 33
38 126 32
39 1 28
39 131 40
39 120 34
40 1 28
40 131 41
40 120 34
41 1 28
41 131 39
41 120 34
42 1 28
42 131 43
42 120 38
43 1 28
43 131 44
43 120 38
44 1 28
44 131 42
44 120 38
45 1 25
46 1 25
46 97 47
47 1 25
47 130 48
47 104 49
47 126 46
48 1 25
48 130 52
48 104 53
48 126 46
49 1 25
49 131 50
49 120 47
50 1 25
50 131 51
50 120 47
51 1 25
51 131 49
51 120 47
52 1 25
52 104 56
52 130 47
52 126 46
53 1 25
53 131 54
53 120 48
54 1 25
54 131 55
54 120 48
55 1 25
55 131 53
55 120 48
56 1 25
56 131 57
56 120 52
57 1 25
57 131 58
57 120 52
58 1 25
58 131 56
58 120 52
59 1 22
60 1 22
60 97 61
61 1 22
61 130 62
61 104 63
61 126 60
62 1 22
62 130 66
62 104 67
62 126 60
63 1 22
63 131 64
63 120 61
64 1 22
64 131 65
64 120 61
65 1 22
65 131 63
65 120 61
66 1 22
66 104 70
66 130 61
66 126 60
67 1 22
67 131 68
67 120 62
68 1 22
68 131 69
68 120 62
69 1 22
69 131 67
69 120 62
70 1 22
70 131 71
70 120 66
71 1 22
71 131 72
71 120 66
72 1 22
72 131 70
72 120 66
73 1 11
74 1 11
74 97 75
75 1 11
75 130 76
75 104 77
75 126 74
76 1 11
76 130 80
76 104 81
76 126 74
77 1 11
77 131 78
77 120 75
78 1 11
78 131 79
78 120 75
79 1 11
79 131 77
79 120 75
80 1 11
80 104 84
80 130 75
80 126 74
81 1 11
81 131 82
81 120 76
82 1 11
82 131 83
82 120 76
83 1 11
83 131 81
83 120 76
84 1 11
84 131 85
84 120 80
85 1 11
85 131 86
85 120 80
86 1 11
86 131 84
86 120 80
