# Format: <source_state_id> <instruction_id> <target_state_id>
0 0 1
12 66 20
12 53 21
12 41 22
12 34 23
12 69 24
12 30 25
20 1 12
20 0 68
21 1 12
21 0 67
22 1 12
22 0 66
23 1 12
23 0 65
24 1 12
24 0 64
25 69 26
25 66 27
25 53 28
25 41 29
25 34 30
25 96 31
25 77 12
26 1 25
26 0 63
27 1 25
27 0 60
28 1 25
28 0 59
29 1 25
29 0 58
30 1 25
30 0 57
31 69 32
31 66 33
31 53 34
31 41 35
31 34 36
31 96 37
31 77 12
32 1 31
32 0 56
33 1 31
33 0 53
34 1 31
34 0 52
35 1 31
35 0 51
36 1 31
36 0 50
37 69 38
37 66 39
37 53 40
37 41 41
37 34 42
37 96 25
37 77 12
38 1 37
38 0 49
39 1 37
39 0 46
40 1 37
40 0 45
41 1 37
41 0 44
42 1 37
42 0 43
43 1 37
44 1 37
45 1 37
46 1 37
46 86 47
47 1 46
47 0 48
48 1 46
49 1 37
50 1 31
51 1 31
52 1 31
53 1 31
53 86 54
54 1 53
54 0 55
55 1 53
56 1 31
57 1 25
58 1 25
59 1 25
60 1 25
60 86 61
61 1 60
61 0 62
62 1 60
63 1 25
64 1 12
65 1 12
66 1 12
67 1 12
68 1 12
68 86 69
69 1 68
69 0 70
70 1 68
