# Format: <source_state_id> <instruction_id> <target_state_id>
0 0 1
11 46 20
11 29 21
11 25 22
20 1 11
20 0 74
21 1 11
21 0 73
22 46 23
22 29 24
22 125 25
22 73 11
23 1 22
23 0 60
24 1 22
24 0 59
25 46 26
25 29 27
25 125 28
25 73 11
26 1 25
26 0 46
27 1 25
27 0 45
28 46 29
28 29 30
28 125 22
28 73 11
29 1 28
29 0 32
30 1 28
30 0 31
31 1 28
32 1 28
32 93 33
33 1 28
33 126 34
33 100 35
33 122 32
34 1 28
34 126 38
34 100 39
34 122 32
35 1 28
35 127 36
35 116 33
36 1 28
36 127 37
36 116 33
37 1 28
37 127 35
37 116 33
38 1 28
38 100 42
38 126 33
38 122 32
39 1 28
39 127 40
39 116 34
40 1 28
40 127 41
40 116 34
41 1 28
41 127 39
41 116 34
42 1 28
42 127 43
42 116 38
43 1 28
43 127 44
43 116 38
44 1 28
44 127 42
44 116 38
45 1 25
46 1 25
46 93 47
47 1 25
47 126 48
47 100 49
47 122 46
48 1 25
48 126 52
48 100 53
48 122 46
49 1 25
49 127 50
49 116 47
50 1 25
50 127 51
50 116 47
51 1 25
51 127 49
51 116 47
52 1 25
52 100 56
52 126 47
52 122 46
53 1 25
53 127 54
53 116 48
54 1 25
54 127 55
54 116 48
55 1 25
55 127 53
55 116 48
56 1 25
56 127 57
56 116 52
57 1 25
57 127 58
57 116 52
58 1 25
58 127 56
58 116 52
59 1 22
60 1 22
60 93 61
61 1 22
61 126 62
61 100 63
61 122 60
62 1 22
62 126 66
62 100 67
62 122 60
63 1 22
63 127 64
63 116 61
64 1 22
64 127 65
64 116 61
65 1 22
65 127 63
65 116 61
66 1 22
66 100 70
66 126 61
66 122 60
67 1 22
67 127 68
67 116 62
68 1 22
68 127 69
68 116 62
69 1 22
69 127 67
69 116 62
70 1 22
70 127 71
70 116 66
71 1 22
71 127 72
71 116 66
72 1 22
72 127 70
72 116 66
73 1 11
74 1 11
74 93 75
75 1 11
75 126 76
75 100 77
75 122 74
76 1 11
76 126 80
76 100 81
76 122 74
77 1 11
77 127 78
77 116 75
78 1 11
78 127 79
78 116 75
79 1 11
79 127 77
79 116 75
80 1 11
80 100 84
80 126 75
80 122 74
81 1 11
81 127 82
81 116 76
82 1 11
82 127 83
82 116 76
83 1 11
83 127 81
83 116 76
84 1 11
84 127 85
84 116 80
85 1 11
85 127 86
85 116 80
86 1 11
86 127 84
86 116 80
