# Format: <source_state_id> <instruction_id> <target_state_id>
0 0 1
10 23 20
10 22 21
10 18 22
20 1 10
20 0 86
21 1 10
21 0 73
22 23 23
22 22 24
22 100 25
22 45 10
23 1 22
23 0 72
24 1 22
24 0 59
25 23 26
25 22 27
25 100 28
25 45 10
26 1 25
26 0 58
27 1 25
27 0 45
28 23 29
28 22 30
28 100 22
28 45 10
29 1 28
29 0 44
30 1 28
30 0 31
31 1 28
31 61 32
32 1 28
32 101 33
32 68 34
32 90 31
33 1 28
33 101 37
33 68 38
33 90 31
34 1 28
34 102 35
34 84 32
35 1 28
35 102 36
35 84 32
36 1 28
36 102 34
36 84 32
37 1 28
37 68 41
37 101 32
37 90 31
38 1 28
38 102 39
38 84 33
39 1 28
39 102 40
39 84 33
40 1 28
40 102 38
40 84 33
41 1 28
41 102 42
41 84 37
42 1 28
42 102 43
42 84 37
43 1 28
43 102 41
43 84 37
44 1 28
45 1 25
45 61 46
46 1 25
46 101 47
46 68 48
46 90 45
47 1 25
47 101 51
47 68 52
47 90 45
48 1 25
48 102 49
48 84 46
49 1 25
49 102 50
49 84 46
50 1 25
50 102 48
50 84 46
51 1 25
51 68 55
51 101 46
51 90 45
52 1 25
52 102 53
52 84 47
53 1 25
53 102 54
53 84 47
54 1 25
54 102 52
54 84 47
55 1 25
55 102 56
55 84 51
56 1 25
56 102 57
56 84 51
57 1 25
57 102 55
57 84 51
58 1 25
59 1 22
59 61 60
60 1 22
60 101 61
60 68 62
60 90 59
61 1 22
61 101 65
61 68 66
61 90 59
62 1 22
62 102 63
62 84 60
63 1 22
63 102 64
63 84 60
64 1 22
64 102 62
64 84 60
65 1 22
65 68 69
65 101 60
65 90 59
66 1 22
66 102 67
66 84 61
67 1 22
67 102 68
67 84 61
68 1 22
68 102 66
68 84 61
69 1 22
69 102 70
69 84 65
70 1 22
70 102 71
70 84 65
71 1 22
71 102 69
71 84 65
72 1 22
73 1 10
73 61 74
74 1 10
74 101 75
74 68 76
74 90 73
75 1 10
75 101 79
75 68 80
75 90 73
76 1 10
76 102 77
76 84 74
77 1 10
77 102 78
77 84 74
78 1 10
78 102 76
78 84 74
79 1 10
79 68 83
79 101 74
79 90 73
80 1 10
80 102 81
80 84 75
81 1 10
81 102 82
81 84 75
82 1 10
82 102 80
82 84 75
83 1 10
83 102 84
83 84 79
84 1 10
84 102 85
84 84 79
85 1 10
85 102 83
85 84 79
86 1 10
