# Format: <source_state_id> <instruction_id> <target_state_id>
0 0 1
11 30 20
11 31 21
11 18 22
20 1 11
20 0 89
21 1 11
21 0 76
22 31 23
22 30 24
22 124 25
22 42 11
23 1 22
23 0 63
24 1 22
24 0 61
25 31 26
25 30 27
25 124 28
25 42 11
26 1 25
26 0 48
27 1 25
27 0 46
28 31 29
28 30 30
28 124 22
28 42 11
29 1 28
29 0 33
30 1 28
30 0 31
31 1 28
31 77 32
32 1 31
32 0 31
33 1 28
33 93 34
34 1 28
34 125 35
34 100 36
34 122 33
35 1 28
35 125 39
35 100 40
35 122 33
36 1 28
36 126 37
36 116 34
37 1 28
37 126 38
37 116 34
38 1 28
38 126 36
38 116 34
39 1 28
39 100 43
39 125 34
39 122 33
40 1 28
40 126 41
40 116 35
41 1 28
41 126 42
41 116 35
42 1 28
42 126 40
42 116 35
43 1 28
43 126 44
43 116 39
44 1 28
44 126 45
44 116 39
45 1 28
45 126 43
45 116 39
46 1 25
46 77 47
47 1 46
47 0 46
48 1 25
48 93 49
49 1 25
49 125 50
49 100 51
49 122 48
50 1 25
50 125 54
50 100 55
50 122 48
51 1 25
51 126 52
51 116 49
52 1 25
52 126 53
52 116 49
53 1 25
53 126 51
53 116 49
54 1 25
54 100 58
54 125 49
54 122 48
55 1 25
55 126 56
55 116 50
56 1 25
56 126 57
56 116 50
57 1 25
57 126 55
57 116 50
58 1 25
58 126 59
58 116 54
59 1 25
59 126 60
59 116 54
60 1 25
60 126 58
60 116 54
61 1 22
61 77 62
62 1 61
62 0 61
63 1 22
63 93 64
64 1 22
64 125 65
64 100 66
64 122 63
65 1 22
65 125 69
65 100 70
65 122 63
66 1 22
66 126 67
66 116 64
67 1 22
67 126 68
67 116 64
68 1 22
68 126 66
68 116 64
69 1 22
69 100 73
69 125 64
69 122 63
70 1 22
70 126 71
70 116 65
71 1 22
71 126 72
71 116 65
72 1 22
72 126 70
72 116 65
73 1 22
73 126 74
73 116 69
74 1 22
74 126 75
74 116 69
75 1 22
75 126 73
75 116 69
76 1 11
76 93 77
77 1 11
77 125 78
77 100 79
77 122 76
78 1 11
78 125 82
78 100 83
78 122 76
79 1 11
79 126 80
79 116 77
80 1 11
80 126 81
80 116 77
81 1 11
81 126 79
81 116 77
82 1 11
82 100 86
82 125 77
82 122 76
83 1 11
83 126 84
83 116 78
84 1 11
84 126 85
84 116 78
85 1 11
85 126 83
85 116 78
86 1 11
86 126 87
86 116 82
87 1 11
87 126 88
87 116 82
88 1 11
88 126 86
88 116 82
89 1 11
89 77 90
90 1 89
90 0 89
