# Format: <source_state_id> <instruction_id> <target_state_id>
0 0 1
10 39 20
10 36 21
10 25 22
10 21 23
20 1 10
20 0 46
21 1 10
21 0 45
22 1 10
22 0 44
23 39 24
23 36 25
23 25 26
23 58 27
23 47 10
24 1 23
24 0 43
25 1 23
25 0 42
26 1 23
26 0 41
27 39 28
27 36 29
27 25 30
27 58 31
27 47 10
28 1 27
28 0 40
29 1 27
29 0 39
30 1 27
30 0 38
31 39 32
31 36 33
31 25 34
31 58 23
31 47 10
32 1 31
32 0 37
33 1 31
33 0 36
34 1 31
34 0 35
35 1 31
36 1 31
37 1 31
38 1 27
39 1 27
40 1 27
41 1 23
42 1 23
43 1 23
44 1 10
45 1 10
46 1 10
