# Format: <source_state_id> <instruction_id> <target_state_id>
0 0 1
14 224 190
14 223 191
17 187 184
17 186 185
19 70 29
19 71 30
19 58 31
19 52 32
19 39 33
19 38 34
19 59 35
19 33 36
26 202 27
27 1 26
27 0 28
28 1 26
29 1 19
29 0 181
30 1 19
30 0 178
31 1 19
31 0 175
32 1 19
32 0 162
33 1 19
33 0 159
34 1 19
34 0 156
35 1 19
35 0 153
36 59 37
36 71 38
36 58 39
36 52 40
36 39 41
36 38 42
36 70 43
36 226 44
36 73 19
37 1 36
37 0 150
38 1 36
38 0 147
39 1 36
39 0 144
40 1 36
40 0 131
41 1 36
41 0 128
42 1 36
42 0 125
43 1 36
43 0 122
44 59 45
44 71 46
44 58 47
44 52 48
44 39 49
44 38 50
44 70 51
44 226 52
44 73 19
45 1 44
45 0 119
46 1 44
46 0 116
47 1 44
47 0 113
48 1 44
48 0 100
49 1 44
49 0 97
50 1 44
50 0 94
51 1 44
51 0 91
52 59 53
52 71 54
52 58 55
52 52 56
52 39 57
52 38 58
52 70 59
52 226 36
52 73 19
53 1 52
53 0 88
54 1 52
54 0 85
55 1 52
55 0 82
56 1 52
56 0 69
57 1 52
57 0 66
58 1 52
58 0 63
59 1 52
59 0 60
60 1 52
60 149 61
61 1 60
61 0 62
62 1 60
63 1 52
63 87 64
64 1 63
64 0 65
65 1 63
66 1 52
66 96 67
67 1 66
67 0 68
68 1 66
69 1 52
69 112 70
70 1 52
70 227 71
70 119 72
70 141 69
71 1 52
71 227 75
71 119 76
71 141 69
72 1 52
72 228 73
72 135 70
73 1 52
73 228 74
73 135 70
74 1 52
74 228 72
74 135 70
75 1 52
75 119 79
75 227 70
75 141 69
76 1 52
76 228 77
76 135 71
77 1 52
77 228 78
77 135 71
78 1 52
78 228 76
78 135 71
79 1 52
79 228 80
79 135 75
80 1 52
80 228 81
80 135 75
81 1 52
81 228 79
81 135 75
82 1 52
82 149 83
83 1 82
83 0 84
84 1 82
85 1 52
85 157 86
86 1 85
86 0 87
87 1 85
88 1 52
88 157 89
89 1 88
89 0 90
90 1 88
91 1 44
91 149 92
92 1 91
92 0 93
93 1 91
94 1 44
94 87 95
95 1 94
95 0 96
96 1 94
97 1 44
97 96 98
98 1 97
98 0 99
99 1 97
100 1 44
100 112 101
101 1 44
101 227 102
101 119 103
101 141 100
102 1 44
102 227 106
102 119 107
102 141 100
103 1 44
103 228 104
103 135 101
104 1 44
104 228 105
104 135 101
105 1 44
105 228 103
105 135 101
106 1 44
106 119 110
106 227 101
106 141 100
107 1 44
107 228 108
107 135 102
108 1 44
108 228 109
108 135 102
109 1 44
109 228 107
109 135 102
110 1 44
110 228 111
110 135 106
111 1 44
111 228 112
111 135 106
112 1 44
112 228 110
112 135 106
113 1 44
113 149 114
114 1 113
114 0 115
115 1 113
116 1 44
116 157 117
117 1 116
117 0 118
118 1 116
119 1 44
119 157 120
120 1 119
120 0 121
121 1 119
122 1 36
122 149 123
123 1 122
123 0 124
124 1 122
125 1 36
125 87 126
126 1 125
126 0 127
127 1 125
128 1 36
128 96 129
129 1 128
129 0 130
130 1 128
131 1 36
131 112 132
132 1 36
132 227 133
132 119 134
132 141 131
133 1 36
133 227 137
133 119 138
133 141 131
134 1 36
134 228 135
134 135 132
135 1 36
135 228 136
135 135 132
136 1 36
136 228 134
136 135 132
137 1 36
137 119 141
137 227 132
137 141 131
138 1 36
138 228 139
138 135 133
139 1 36
139 228 140
139 135 133
140 1 36
140 228 138
140 135 133
141 1 36
141 228 142
141 135 137
142 1 36
142 228 143
142 135 137
143 1 36
143 228 141
143 135 137
144 1 36
144 149 145
145 1 144
145 0 146
146 1 144
147 1 36
147 157 148
148 1 147
148 0 149
149 1 147
150 1 36
150 157 151
151 1 150
151 0 152
152 1 150
153 1 19
153 157 154
154 1 153
154 0 155
155 1 153
156 1 19
156 87 157
157 1 156
157 0 158
158 1 156
159 1 19
159 96 160
160 1 159
160 0 161
161 1 159
162 1 19
162 112 163
163 1 19
163 227 164
163 119 165
163 141 162
164 1 19
164 227 168
164 119 169
164 141 162
165 1 19
165 228 166
165 135 163
166 1 19
166 228 167
166 135 163
167 1 19
167 228 165
167 135 163
168 1 19
168 119 172
168 227 163
168 141 162
169 1 19
169 228 170
169 135 164
170 1 19
170 228 171
170 135 164
171 1 19
171 228 169
171 135 164
172 1 19
172 228 173
172 135 168
173 1 19
173 228 174
173 135 168
174 1 19
174 228 172
174 135 168
175 1 19
175 149 176
176 1 175
176 0 177
177 1 175
178 1 19
178 157 179
179 1 178
179 0 180
180 1 178
181 1 19
181 149 182
182 1 181
182 0 183
183 1 181
184 1 17
184 0 189
185 1 17
185 0 186
186 1 17
186 157 187
187 1 186
187 0 188
188 1 186
189 1 17
190 1 14
190 0 195
191 1 14
191 0 192
192 1 14
192 149 193
193 1 192
193 0 194
194 1 192
195 1 14
