# Format: <source_state_id> <instruction_id> <target_state_id>
0 0 1
16 40 22
16 38 23
16 24 24
22 1 16
22 0 88
23 1 16
23 0 75
24 40 25
24 38 26
24 126 27
24 50 16
25 1 24
25 0 74
26 1 24
26 0 61
27 40 28
27 38 29
27 126 30
27 50 16
28 1 27
28 0 60
29 1 27
29 0 47
30 40 31
30 38 32
30 126 24
30 50 16
31 1 30
31 0 46
32 1 30
32 0 33
33 1 30
33 86 34
34 1 30
34 127 35
34 93 36
34 115 33
35 1 30
35 127 39
35 93 40
35 115 33
36 1 30
36 128 37
36 109 34
37 1 30
37 128 38
37 109 34
38 1 30
38 128 36
38 109 34
39 1 30
39 93 43
39 127 34
39 115 33
40 1 30
40 128 41
40 109 35
41 1 30
41 128 42
41 109 35
42 1 30
42 128 40
42 109 35
43 1 30
43 128 44
43 109 39
44 1 30
44 128 45
44 109 39
45 1 30
45 128 43
45 109 39
46 1 30
47 1 27
47 86 48
48 1 27
48 127 49
48 93 50
48 115 47
49 1 27
49 127 53
49 93 54
49 115 47
50 1 27
50 128 51
50 109 48
51 1 27
51 128 52
51 109 48
52 1 27
52 128 50
52 109 48
53 1 27
53 93 57
53 127 48
53 115 47
54 1 27
54 128 55
54 109 49
55 1 27
55 128 56
55 109 49
56 1 27
56 128 54
56 109 49
57 1 27
57 128 58
57 109 53
58 1 27
58 128 59
58 109 53
59 1 27
59 128 57
59 109 53
60 1 27
61 1 24
61 86 62
62 1 24
62 127 63
62 93 64
62 115 61
63 1 24
63 127 67
63 93 68
63 115 61
64 1 24
64 128 65
64 109 62
65 1 24
65 128 66
65 109 62
66 1 24
66 128 64
66 109 62
67 1 24
67 93 71
67 127 62
67 115 61
68 1 24
68 128 69
68 109 63
69 1 24
69 128 70
69 109 63
70 1 24
70 128 68
70 109 63
71 1 24
71 128 72
71 109 67
72 1 24
72 128 73
72 109 67
73 1 24
73 128 71
73 109 67
74 1 24
75 1 16
75 86 76
76 1 16
76 127 77
76 93 78
76 115 75
77 1 16
77 127 81
77 93 82
77 115 75
78 1 16
78 128 79
78 109 76
79 1 16
79 128 80
79 109 76
80 1 16
80 128 78
80 109 76
81 1 16
81 93 85
81 127 76
81 115 75
82 1 16
82 128 83
82 109 77
83 1 16
83 128 84
83 109 77
84 1 16
84 128 82
84 109 77
85 1 16
85 128 86
85 109 81
86 1 16
86 128 87
86 109 81
87 1 16
87 128 85
87 109 81
88 1 16
