# Format: <source_state_id> <instruction_id> <target_state_id>
0 0 1
11 39 21
11 32 22
11 25 23
11 21 24
21 1 11
21 0 47
22 1 11
22 0 46
23 1 11
23 0 45
24 39 25
24 25 26
24 32 27
24 71 28
24 47 11
25 1 24
25 0 44
26 1 24
26 0 43
27 1 24
27 0 42
28 39 29
28 25 30
28 32 31
28 71 32
28 47 11
29 1 28
29 0 41
30 1 28
30 0 40
31 1 28
31 0 39
32 39 33
32 25 34
32 32 35
32 71 24
32 47 11
33 1 32
33 0 38
34 1 32
34 0 37
35 1 32
35 0 36
36 1 32
37 1 32
38 1 32
39 1 28
40 1 28
41 1 28
42 1 24
43 1 24
44 1 24
45 1 11
46 1 11
47 1 11
