# Format: <source_state_id> <instruction_id> <target_state_id>
0 0 1
10 42 20
10 33 21
10 21 22
20 1 10
20 0 89
21 1 10
21 0 76
22 42 23
22 33 24
22 148 25
22 52 10
23 1 22
23 0 74
24 1 22
24 0 61
25 42 26
25 33 27
25 148 28
25 52 10
26 1 25
26 0 59
27 1 25
27 0 46
28 42 29
28 33 30
28 148 22
28 52 10
29 1 28
29 0 44
30 1 28
30 0 31
31 1 28
31 72 32
32 149 33
32 1 28
32 79 34
32 101 31
33 149 37
33 1 28
33 79 38
33 101 31
34 1 28
34 150 35
34 95 32
35 1 28
35 150 36
35 95 32
36 1 28
36 150 34
36 95 32
37 1 28
37 79 41
37 149 32
37 101 31
38 1 28
38 150 39
38 95 33
39 1 28
39 150 40
39 95 33
40 1 28
40 150 38
40 95 33
41 1 28
41 150 42
41 95 37
42 1 28
42 150 43
42 95 37
43 1 28
43 150 41
43 95 37
44 1 28
44 143 45
45 1 44
45 0 44
46 1 25
46 72 47
47 149 48
47 1 25
47 79 49
47 101 46
48 149 52
48 1 25
48 79 53
48 101 46
49 1 25
49 150 50
49 95 47
50 1 25
50 150 51
50 95 47
51 1 25
51 150 49
51 95 47
52 1 25
52 79 56
52 149 47
52 101 46
53 1 25
53 150 54
53 95 48
54 1 25
54 150 55
54 95 48
55 1 25
55 150 53
55 95 48
56 1 25
56 150 57
56 95 52
57 1 25
57 150 58
57 95 52
58 1 25
58 150 56
58 95 52
59 1 25
59 143 60
60 1 59
60 0 59
61 1 22
61 72 62
62 149 63
62 1 22
62 79 64
62 101 61
63 149 67
63 1 22
63 79 68
63 101 61
64 1 22
64 150 65
64 95 62
65 1 22
65 150 66
65 95 62
66 1 22
66 150 64
66 95 62
67 1 22
67 79 71
67 149 62
67 101 61
68 1 22
68 150 69
68 95 63
69 1 22
69 150 70
69 95 63
70 1 22
70 150 68
70 95 63
71 1 22
71 150 72
71 95 67
72 1 22
72 150 73
72 95 67
73 1 22
73 150 71
73 95 67
74 1 22
74 143 75
75 1 74
75 0 74
76 1 10
76 72 77
77 149 78
77 1 10
77 79 79
77 101 76
78 149 82
78 1 10
78 79 83
78 101 76
79 1 10
79 150 80
79 95 77
80 1 10
80 150 81
80 95 77
81 1 10
81 150 79
81 95 77
82 1 10
82 79 86
82 149 77
82 101 76
83 1 10
83 150 84
83 95 78
84 1 10
84 150 85
84 95 78
85 1 10
85 150 83
85 95 78
86 1 10
86 150 87
86 95 82
87 1 10
87 150 88
87 95 82
88 1 10
88 150 86
88 95 82
89 1 10
89 143 90
90 1 89
90 0 89
