# Format: <source_state_id> <instruction_id> <target_state_id>
0 0 1
10 35 21
10 25 22
10 21 23
21 1 10
21 0 45
22 1 10
22 0 44
23 35 24
23 25 25
23 69 26
23 42 10
24 1 23
24 0 41
25 1 23
25 0 40
26 35 27
26 25 28
26 69 29
26 42 10
27 1 26
27 0 37
28 1 26
28 0 36
29 35 30
29 25 31
29 69 23
29 42 10
30 1 29
30 0 33
31 1 29
31 0 32
32 1 29
33 1 29
33 59 34
34 1 33
34 0 35
35 1 33
36 1 26
37 1 26
37 59 38
38 1 37
38 0 39
39 1 37
40 1 23
41 1 23
41 59 42
42 1 41
42 0 43
43 1 41
44 1 10
45 1 10
45 59 46
46 1 45
46 0 47
47 1 45
