# Format: <source_state_id> <instruction_id> <target_state_id>
0 0 1
11 46 20
11 42 21
11 32 22
11 25 23
20 1 11
20 0 94
21 1 11
21 0 93
22 1 11
22 0 80
23 46 24
23 42 25
23 32 26
23 127 27
23 57 11
24 1 23
24 0 79
25 1 23
25 0 78
26 1 23
26 0 65
27 46 28
27 42 29
27 32 30
27 127 31
27 57 11
28 1 27
28 0 64
29 1 27
29 0 63
30 1 27
30 0 50
31 46 32
31 42 33
31 32 34
31 127 23
31 57 11
32 1 31
32 0 49
33 1 31
33 0 48
34 1 31
34 0 35
35 1 31
35 77 36
36 1 31
36 128 37
36 84 38
36 106 35
37 1 31
37 128 41
37 84 42
37 106 35
38 1 31
38 129 39
38 100 36
39 1 31
39 129 40
39 100 36
40 1 31
40 129 38
40 100 36
41 1 31
41 84 45
41 128 36
41 106 35
42 1 31
42 129 43
42 100 37
43 1 31
43 129 44
43 100 37
44 1 31
44 129 42
44 100 37
45 1 31
45 129 46
45 100 41
46 1 31
46 129 47
46 100 41
47 1 31
47 129 45
47 100 41
48 1 31
49 1 31
50 1 27
50 77 51
51 1 27
51 128 52
51 84 53
51 106 50
52 1 27
52 128 56
52 84 57
52 106 50
53 1 27
53 129 54
53 100 51
54 1 27
54 129 55
54 100 51
55 1 27
55 129 53
55 100 51
56 1 27
56 84 60
56 128 51
56 106 50
57 1 27
57 129 58
57 100 52
58 1 27
58 129 59
58 100 52
59 1 27
59 129 57
59 100 52
60 1 27
60 129 61
60 100 56
61 1 27
61 129 62
61 100 56
62 1 27
62 129 60
62 100 56
63 1 27
64 1 27
65 1 23
65 77 66
66 1 23
66 128 67
66 84 68
66 106 65
67 1 23
67 128 71
67 84 72
67 106 65
68 1 23
68 129 69
68 100 66
69 1 23
69 129 70
69 100 66
70 1 23
70 129 68
70 100 66
71 1 23
71 84 75
71 128 66
71 106 65
72 1 23
72 129 73
72 100 67
73 1 23
73 129 74
73 100 67
74 1 23
74 129 72
74 100 67
75 1 23
75 129 76
75 100 71
76 1 23
76 129 77
76 100 71
77 1 23
77 129 75
77 100 71
78 1 23
79 1 23
80 1 11
80 77 81
81 1 11
81 128 82
81 84 83
81 106 80
82 1 11
82 128 86
82 84 87
82 106 80
83 1 11
83 129 84
83 100 81
84 1 11
84 129 85
84 100 81
85 1 11
85 129 83
85 100 81
86 1 11
86 84 90
86 128 81
86 106 80
87 1 11
87 129 88
87 100 82
88 1 11
88 129 89
88 100 82
89 1 11
89 129 87
89 100 82
90 1 11
90 129 91
90 100 86
91 1 11
91 129 92
91 100 86
92 1 11
92 129 90
92 100 86
93 1 11
94 1 11
