# Format: <source_state_id> <instruction_id> <target_state_id>
0 0 1
13 52 20
13 28 21
20 1 13
20 0 84
21 52 22
21 103 23
21 34 24
21 59 25
21 100 13
22 1 21
22 0 83
23 52 42
23 103 43
23 34 44
23 59 45
23 100 13
24 52 34
24 104 35
24 50 21
25 52 26
25 105 27
25 75 21
26 1 25
26 0 33
27 52 28
27 105 29
27 75 21
28 1 27
28 0 32
29 52 30
29 105 25
29 75 21
30 1 29
30 0 31
31 1 29
32 1 27
33 1 25
34 1 24
34 0 41
35 52 36
35 104 37
35 50 21
36 1 35
36 0 40
37 52 38
37 104 24
37 50 21
38 1 37
38 0 39
39 1 37
40 1 35
41 1 24
42 1 23
42 0 82
43 52 62
43 34 63
43 59 64
43 103 21
43 100 13
44 52 54
44 104 55
44 50 23
45 52 46
45 105 47
45 75 23
46 1 45
46 0 53
47 52 48
47 105 49
47 75 23
48 1 47
48 0 52
49 52 50
49 105 45
49 75 23
50 1 49
50 0 51
51 1 49
52 1 47
53 1 45
54 1 44
54 0 61
55 52 56
55 104 57
55 50 23
56 1 55
56 0 60
57 52 58
57 104 44
57 50 23
58 1 57
58 0 59
59 1 57
60 1 55
61 1 44
62 1 43
62 0 81
63 52 73
63 104 74
63 50 43
64 52 65
64 105 66
64 75 43
65 1 64
65 0 72
66 52 67
66 105 68
66 75 43
67 1 66
67 0 71
68 52 69
68 105 64
68 75 43
69 1 68
69 0 70
70 1 68
71 1 66
72 1 64
73 1 63
73 0 80
74 52 75
74 104 76
74 50 43
75 1 74
75 0 79
76 52 77
76 104 63
76 50 43
77 1 76
77 0 78
78 1 76
79 1 74
80 1 63
81 1 43
82 1 23
83 1 21
84 1 13
