# Format: <source_state_id> <instruction_id> <target_state_id>
0 0 1
12 68 20
12 36 21
12 33 22
12 28 23
12 24 24
20 1 12
20 0 102
21 1 12
21 0 101
22 1 12
22 0 88
23 1 12
23 0 87
24 68 25
24 33 26
24 28 27
24 36 28
24 140 29
24 75 12
25 1 24
25 0 86
26 1 24
26 0 73
27 1 24
27 0 72
28 1 24
28 0 71
29 68 30
29 33 31
29 28 32
29 36 33
29 140 34
29 75 12
30 1 29
30 0 70
31 1 29
31 0 57
32 1 29
32 0 56
33 1 29
33 0 55
34 68 35
34 33 36
34 28 37
34 36 38
34 140 24
34 75 12
35 1 34
35 0 54
36 1 34
36 0 41
37 1 34
37 0 40
38 1 34
38 0 39
39 1 34
40 1 34
41 1 34
41 95 42
42 1 34
42 141 43
42 102 44
42 124 41
43 1 34
43 141 47
43 102 48
43 124 41
44 142 45
44 1 34
44 118 42
45 142 46
45 1 34
45 118 42
46 142 44
46 1 34
46 118 42
47 1 34
47 102 51
47 141 42
47 124 41
48 142 49
48 1 34
48 118 43
49 142 50
49 1 34
49 118 43
50 142 48
50 1 34
50 118 43
51 142 52
51 1 34
51 118 47
52 142 53
52 1 34
52 118 47
53 142 51
53 1 34
53 118 47
54 1 34
55 1 29
56 1 29
57 1 29
57 95 58
58 1 29
58 141 59
58 102 60
58 124 57
59 1 29
59 141 63
59 102 64
59 124 57
60 142 61
60 1 29
60 118 58
61 142 62
61 1 29
61 118 58
62 142 60
62 1 29
62 118 58
63 1 29
63 102 67
63 141 58
63 124 57
64 142 65
64 1 29
64 118 59
65 142 66
65 1 29
65 118 59
66 142 64
66 1 29
66 118 59
67 142 68
67 1 29
67 118 63
68 142 69
68 1 29
68 118 63
69 142 67
69 1 29
69 118 63
70 1 29
71 1 24
72 1 24
73 1 24
73 95 74
74 1 24
74 141 75
74 102 76
74 124 73
75 1 24
75 141 79
75 102 80
75 124 73
76 142 77
76 1 24
76 118 74
77 142 78
77 1 24
77 118 74
78 142 76
78 1 24
78 118 74
79 1 24
79 102 83
79 141 74
79 124 73
80 142 81
80 1 24
80 118 75
81 142 82
81 1 24
81 118 75
82 142 80
82 1 24
82 118 75
83 142 84
83 1 24
83 118 79
84 142 85
84 1 24
84 118 79
85 142 83
85 1 24
85 118 79
86 1 24
87 1 12
88 1 12
88 95 89
89 1 12
89 141 90
89 102 91
89 124 88
90 1 12
90 141 94
90 102 95
90 124 88
91 142 92
91 1 12
91 118 89
92 142 93
92 1 12
92 118 89
93 142 91
93 1 12
93 118 89
94 1 12
94 102 98
94 141 89
94 124 88
95 142 96
95 1 12
95 118 90
96 142 97
96 1 12
96 118 90
97 142 95
97 1 12
97 118 90
98 142 99
98 1 12
98 118 94
99 142 100
99 1 12
99 118 94
100 142 98
100 1 12
100 118 94
101 1 12
102 1 12
