# Format: <source_state_id> <instruction_id> <target_state_id>
0 0 1
14 39 20
14 38 21
14 27 22
20 1 14
20 0 240
21 1 14
21 0 238
22 39 23
22 38 24
22 175 25
22 47 26
22 93 14
23 1 22
23 0 225
24 1 22
24 0 223
25 39 80
25 38 81
25 175 82
25 47 83
25 93 14
26 39 27
26 176 29
26 38 28
26 64 22
27 1 26
27 0 67
28 1 26
28 0 65
29 39 30
29 176 32
29 38 31
29 64 22
30 1 29
30 0 52
31 1 29
31 0 50
32 39 33
32 176 26
32 38 34
32 64 22
33 1 32
33 0 37
34 1 32
34 0 35
35 1 32
35 128 36
36 1 35
36 0 35
37 1 32
37 144 38
38 1 32
38 178 39
38 151 40
38 173 37
39 1 32
39 178 43
39 151 44
39 173 37
40 1 32
40 179 41
40 167 38
41 1 32
41 179 42
41 167 38
42 1 32
42 179 40
42 167 38
43 1 32
43 151 47
43 178 38
43 173 37
44 1 32
44 179 45
44 167 39
45 1 32
45 179 46
45 167 39
46 1 32
46 179 44
46 167 39
47 1 32
47 179 48
47 167 43
48 1 32
48 179 49
48 167 43
49 1 32
49 179 47
49 167 43
50 1 29
50 128 51
51 1 50
51 0 50
52 1 29
52 144 53
53 1 29
53 178 54
53 151 55
53 173 52
54 1 29
54 178 58
54 151 59
54 173 52
55 1 29
55 179 56
55 167 53
56 1 29
56 179 57
56 167 53
57 1 29
57 179 55
57 167 53
58 1 29
58 151 62
58 178 53
58 173 52
59 1 29
59 179 60
59 167 54
60 1 29
60 179 61
60 167 54
61 1 29
61 179 59
61 167 54
62 1 29
62 179 63
62 167 58
63 1 29
63 179 64
63 167 58
64 1 29
64 179 62
64 167 58
65 1 26
65 128 66
66 1 65
66 0 65
67 1 26
67 144 68
68 1 26
68 178 69
68 151 70
68 173 67
69 1 26
69 178 73
69 151 74
69 173 67
70 1 26
70 179 71
70 167 68
71 1 26
71 179 72
71 167 68
72 1 26
72 179 70
72 167 68
73 1 26
73 151 77
73 178 68
73 173 67
74 1 26
74 179 75
74 167 69
75 1 26
75 179 76
75 167 69
76 1 26
76 179 74
76 167 69
77 1 26
77 179 78
77 167 73
78 1 26
78 179 79
78 167 73
79 1 26
79 179 77
79 167 73
80 1 25
80 0 210
81 1 25
81 0 208
82 39 137
82 38 138
82 47 139
82 175 22
82 93 14
83 39 84
83 176 86
83 38 85
83 64 25
84 1 83
84 0 124
85 1 83
85 0 122
86 39 87
86 176 89
86 38 88
86 64 25
87 1 86
87 0 109
88 1 86
88 0 107
89 39 90
89 176 83
89 38 91
89 64 25
90 1 89
90 0 94
91 1 89
91 0 92
92 1 89
92 128 93
93 1 92
93 0 92
94 1 89
94 144 95
95 1 89
95 178 96
95 151 97
95 173 94
96 1 89
96 178 100
96 151 101
96 173 94
97 1 89
97 179 98
97 167 95
98 1 89
98 179 99
98 167 95
99 1 89
99 179 97
99 167 95
100 1 89
100 151 104
100 178 95
100 173 94
101 1 89
101 179 102
101 167 96
102 1 89
102 179 103
102 167 96
103 1 89
103 179 101
103 167 96
104 1 89
104 179 105
104 167 100
105 1 89
105 179 106
105 167 100
106 1 89
106 179 104
106 167 100
107 1 86
107 128 108
108 1 107
108 0 107
109 1 86
109 144 110
110 1 86
110 178 111
110 151 112
110 173 109
111 1 86
111 178 115
111 151 116
111 173 109
112 1 86
112 179 113
112 167 110
113 1 86
113 179 114
113 167 110
114 1 86
114 179 112
114 167 110
115 1 86
115 151 119
115 178 110
115 173 109
116 1 86
116 179 117
116 167 111
117 1 86
117 179 118
117 167 111
118 1 86
118 179 116
118 167 111
119 1 86
119 179 120
119 167 115
120 1 86
120 179 121
120 167 115
121 1 86
121 179 119
121 167 115
122 1 83
122 128 123
123 1 122
123 0 122
124 1 83
124 144 125
125 1 83
125 178 126
125 151 127
125 173 124
126 1 83
126 178 130
126 151 131
126 173 124
127 1 83
127 179 128
127 167 125
128 1 83
128 179 129
128 167 125
129 1 83
129 179 127
129 167 125
130 1 83
130 151 134
130 178 125
130 173 124
131 1 83
131 179 132
131 167 126
132 1 83
132 179 133
132 167 126
133 1 83
133 179 131
133 167 126
134 1 83
134 179 135
134 167 130
135 1 83
135 179 136
135 167 130
136 1 83
136 179 134
136 167 130
137 1 82
137 0 195
138 1 82
138 0 193
139 39 140
139 176 142
139 38 141
139 64 82
140 1 139
140 0 180
141 1 139
141 0 178
142 39 143
142 176 145
142 38 144
142 64 82
143 1 142
143 0 165
144 1 142
144 0 163
145 39 146
145 176 139
145 38 147
145 64 82
146 1 145
146 0 150
147 1 145
147 0 148
148 1 145
148 128 149
149 1 148
149 0 148
150 1 145
150 144 151
151 1 145
151 178 152
151 151 153
151 173 150
152 1 145
152 178 156
152 151 157
152 173 150
153 1 145
153 179 154
153 167 151
154 1 145
154 179 155
154 167 151
155 1 145
155 179 153
155 167 151
156 1 145
156 151 160
156 178 151
156 173 150
157 1 145
157 179 158
157 167 152
158 1 145
158 179 159
158 167 152
159 1 145
159 179 157
159 167 152
160 1 145
160 179 161
160 167 156
161 1 145
161 179 162
161 167 156
162 1 145
162 179 160
162 167 156
163 1 142
163 128 164
164 1 163
164 0 163
165 1 142
165 144 166
166 1 142
166 178 167
166 151 168
166 173 165
167 1 142
167 178 171
167 151 172
167 173 165
168 1 142
168 179 169
168 167 166
169 1 142
169 179 170
169 167 166
170 1 142
170 179 168
170 167 166
171 1 142
171 151 175
171 178 166
171 173 165
172 1 142
172 179 173
172 167 167
173 1 142
173 179 174
173 167 167
174 1 142
174 179 172
174 167 167
175 1 142
175 179 176
175 167 171
176 1 142
176 179 177
176 167 171
177 1 142
177 179 175
177 167 171
178 1 139
178 128 179
179 1 178
179 0 178
180 1 139
180 144 181
181 1 139
181 178 182
181 151 183
181 173 180
182 1 139
182 178 186
182 151 187
182 173 180
183 1 139
183 179 184
183 167 181
184 1 139
184 179 185
184 167 181
185 1 139
185 179 183
185 167 181
186 1 139
186 151 190
186 178 181
186 173 180
187 1 139
187 179 188
187 167 182
188 1 139
188 179 189
188 167 182
189 1 139
189 179 187
189 167 182
190 1 139
190 179 191
190 167 186
191 1 139
191 179 192
191 167 186
192 1 139
192 179 190
192 167 186
193 1 82
193 128 194
194 1 193
194 0 193
195 1 82
195 144 196
196 1 82
196 178 197
196 151 198
196 173 195
197 1 82
197 178 201
197 151 202
197 173 195
198 1 82
198 179 199
198 167 196
199 1 82
199 179 200
199 167 196
200 1 82
200 179 198
200 167 196
201 1 82
201 151 205
201 178 196
201 173 195
202 1 82
202 179 203
202 167 197
203 1 82
203 179 204
203 167 197
204 1 82
204 179 202
204 167 197
205 1 82
205 179 206
205 167 201
206 1 82
206 179 207
206 167 201
207 1 82
207 179 205
207 167 201
208 1 25
208 128 209
209 1 208
209 0 208
210 1 25
210 144 211
211 1 25
211 178 212
211 151 213
211 173 210
212 1 25
212 178 216
212 151 217
212 173 210
213 1 25
213 179 214
213 167 211
214 1 25
214 179 215
214 167 211
215 1 25
215 179 213
215 167 211
216 1 25
216 151 220
216 178 211
216 173 210
217 1 25
217 179 218
217 167 212
218 1 25
218 179 219
218 167 212
219 1 25
219 179 217
219 167 212
220 1 25
220 179 221
220 167 216
221 1 25
221 179 222
221 167 216
222 1 25
222 179 220
222 167 216
223 1 22
223 128 224
224 1 223
224 0 223
225 1 22
225 144 226
226 1 22
226 178 227
226 151 228
226 173 225
227 1 22
227 178 231
227 151 232
227 173 225
228 1 22
228 179 229
228 167 226
229 1 22
229 179 230
229 167 226
230 1 22
230 179 228
230 167 226
231 1 22
231 151 235
231 178 226
231 173 225
232 1 22
232 179 233
232 167 227
233 1 22
233 179 234
233 167 227
234 1 22
234 179 232
234 167 227
235 1 22
235 179 236
235 167 231
236 1 22
236 179 237
236 167 231
237 1 22
237 179 235
237 167 231
238 1 14
238 128 239
239 1 238
239 0 238
240 1 14
240 144 241
241 1 14
241 178 242
241 151 243
241 173 240
242 1 14
242 178 246
242 151 247
242 173 240
243 1 14
243 179 244
243 167 241
244 1 14
244 179 245
244 167 241
245 1 14
245 179 243
245 167 241
246 1 14
246 151 250
246 178 241
246 173 240
247 1 14
247 179 248
247 167 242
248 1 14
248 179 249
248 167 242
249 1 14
249 179 247
249 167 242
250 1 14
250 179 251
250 167 246
251 1 14
251 179 252
251 167 246
252 1 14
252 179 250
252 167 246
