# Format: <source_state_id> <instruction_id> <target_state_id>
0 0 1
11 40 20
11 31 21
11 25 22
11 47 23
11 21 24
20 1 11
20 0 60
21 1 11
21 0 59
22 1 11
22 0 58
23 1 11
23 0 57
24 40 25
24 31 26
24 25 27
24 47 28
24 73 29
24 54 11
25 1 24
25 0 54
26 1 24
26 0 53
27 1 24
27 0 52
28 1 24
28 0 51
29 40 30
29 31 31
29 25 32
29 47 33
29 73 34
29 54 11
30 1 29
30 0 48
31 1 29
31 0 47
32 1 29
32 0 46
33 1 29
33 0 45
34 40 35
34 31 36
34 25 37
34 47 38
34 73 24
34 54 11
35 1 34
35 0 42
36 1 34
36 0 41
37 1 34
37 0 40
38 1 34
38 0 39
39 1 34
40 1 34
41 1 34
42 1 34
42 63 43
43 1 42
43 0 44
44 1 42
45 1 29
46 1 29
47 1 29
48 1 29
48 63 49
49 1 48
49 0 50
50 1 48
51 1 24
52 1 24
53 1 24
54 1 24
54 63 55
55 1 54
55 0 56
56 1 54
57 1 11
58 1 11
59 1 11
60 1 11
60 63 61
61 1 60
61 0 62
62 1 60
