# Format: <source_state_id> <instruction_id> <target_state_id>
0 0 1
14 122 20
14 117 21
14 41 22
14 37 23
14 46 24
14 33 25
20 1 14
20 0 359
21 1 14
21 0 358
22 1 14
22 0 357
23 1 14
23 0 356
24 1 14
24 0 355
25 46 26
25 37 27
25 41 28
25 132 29
25 117 30
25 52 31
25 73 32
25 122 33
25 96 34
25 129 14
26 1 25
26 0 354
27 1 25
27 0 353
28 1 25
28 0 352
29 46 133
29 37 134
29 41 135
29 132 136
29 117 137
29 52 138
29 73 139
29 122 140
29 96 141
29 129 14
30 1 25
30 0 132
31 122 100
31 117 101
31 46 102
31 37 103
31 133 105
31 41 104
31 67 25
32 122 68
32 117 69
32 46 70
32 41 71
32 134 73
32 37 72
32 89 25
33 1 25
33 0 67
34 117 35
34 46 36
34 41 37
34 37 38
34 122 39
34 135 40
34 113 25
35 1 34
35 0 66
36 1 34
36 0 65
37 1 34
37 0 64
38 1 34
38 0 63
39 1 34
39 0 62
40 117 41
40 46 42
40 41 43
40 37 44
40 122 45
40 135 46
40 113 25
41 1 40
41 0 61
42 1 40
42 0 60
43 1 40
43 0 59
44 1 40
44 0 58
45 1 40
45 0 57
46 117 47
46 46 48
46 41 49
46 37 50
46 122 51
46 135 34
46 113 25
47 1 46
47 0 56
48 1 46
48 0 55
49 1 46
49 0 54
50 1 46
50 0 53
51 1 46
51 0 52
52 1 46
53 1 46
54 1 46
55 1 46
56 1 46
57 1 40
58 1 40
59 1 40
60 1 40
61 1 40
62 1 34
63 1 34
64 1 34
65 1 34
66 1 34
67 1 25
68 1 32
68 0 99
69 1 32
69 0 98
70 1 32
70 0 97
71 1 32
71 0 96
72 1 32
72 0 95
73 122 74
73 117 75
73 46 76
73 41 77
73 134 79
73 37 78
73 89 25
74 1 73
74 0 94
75 1 73
75 0 93
76 1 73
76 0 92
77 1 73
77 0 91
78 1 73
78 0 90
79 122 80
79 117 81
79 46 82
79 41 83
79 134 32
79 37 84
79 89 25
80 1 79
80 0 89
81 1 79
81 0 88
82 1 79
82 0 87
83 1 79
83 0 86
84 1 79
84 0 85
85 1 79
86 1 79
87 1 79
88 1 79
89 1 79
90 1 73
91 1 73
92 1 73
93 1 73
94 1 73
95 1 32
96 1 32
97 1 32
98 1 32
99 1 32
100 1 31
100 0 131
101 1 31
101 0 130
102 1 31
102 0 129
103 1 31
103 0 128
104 1 31
104 0 127
105 122 106
105 117 107
105 46 108
105 37 109
105 133 111
105 41 110
105 67 25
106 1 105
106 0 126
107 1 105
107 0 125
108 1 105
108 0 124
109 1 105
109 0 123
110 1 105
110 0 122
111 122 112
111 117 113
111 46 114
111 37 115
111 133 31
111 41 116
111 67 25
112 1 111
112 0 121
113 1 111
113 0 120
114 1 111
114 0 119
115 1 111
115 0 118
116 1 111
116 0 117
117 1 111
118 1 111
119 1 111
120 1 111
121 1 111
122 1 105
123 1 105
124 1 105
125 1 105
126 1 105
127 1 31
128 1 31
129 1 31
130 1 31
131 1 31
132 1 25
133 1 29
133 0 351
134 1 29
134 0 350
135 1 29
135 0 349
136 46 240
136 37 241
136 117 243
136 52 244
136 73 245
136 122 246
136 96 247
136 41 242
136 132 25
136 129 14
137 1 29
137 0 239
138 122 207
138 117 208
138 46 209
138 37 210
138 133 212
138 41 211
138 67 29
139 122 175
139 117 176
139 46 177
139 41 178
139 134 180
139 37 179
139 89 29
140 1 29
140 0 174
141 117 142
141 46 143
141 41 144
141 37 145
141 122 146
141 135 147
141 113 29
142 1 141
142 0 173
143 1 141
143 0 172
144 1 141
144 0 171
145 1 141
145 0 170
146 1 141
146 0 169
147 117 148
147 46 149
147 41 150
147 37 151
147 122 152
147 135 153
147 113 29
148 1 147
148 0 168
149 1 147
149 0 167
150 1 147
150 0 166
151 1 147
151 0 165
152 1 147
152 0 164
153 117 154
153 46 155
153 41 156
153 37 157
153 122 158
153 135 141
153 113 29
154 1 153
154 0 163
155 1 153
155 0 162
156 1 153
156 0 161
157 1 153
157 0 160
158 1 153
158 0 159
159 1 153
160 1 153
161 1 153
162 1 153
163 1 153
164 1 147
165 1 147
166 1 147
167 1 147
168 1 147
169 1 141
170 1 141
171 1 141
172 1 141
173 1 141
174 1 29
175 1 139
175 0 206
176 1 139
176 0 205
177 1 139
177 0 204
178 1 139
178 0 203
179 1 139
179 0 202
180 122 181
180 117 182
180 46 183
180 41 184
180 134 186
180 37 185
180 89 29
181 1 180
181 0 201
182 1 180
182 0 200
183 1 180
183 0 199
184 1 180
184 0 198
185 1 180
185 0 197
186 122 187
186 117 188
186 46 189
186 41 190
186 134 139
186 37 191
186 89 29
187 1 186
187 0 196
188 1 186
188 0 195
189 1 186
189 0 194
190 1 186
190 0 193
191 1 186
191 0 192
192 1 186
193 1 186
194 1 186
195 1 186
196 1 186
197 1 180
198 1 180
199 1 180
200 1 180
201 1 180
202 1 139
203 1 139
204 1 139
205 1 139
206 1 139
207 1 138
207 0 238
208 1 138
208 0 237
209 1 138
209 0 236
210 1 138
210 0 235
211 1 138
211 0 234
212 122 213
212 117 214
212 46 215
212 37 216
212 133 218
212 41 217
212 67 29
213 1 212
213 0 233
214 1 212
214 0 232
215 1 212
215 0 231
216 1 212
216 0 230
217 1 212
217 0 229
218 122 219
218 117 220
218 46 221
218 37 222
218 133 138
218 41 223
218 67 29
219 1 218
219 0 228
220 1 218
220 0 227
221 1 218
221 0 226
222 1 218
222 0 225
223 1 218
223 0 224
224 1 218
225 1 218
226 1 218
227 1 218
228 1 218
229 1 212
230 1 212
231 1 212
232 1 212
233 1 212
234 1 138
235 1 138
236 1 138
237 1 138
238 1 138
239 1 29
240 1 136
240 0 348
241 1 136
241 0 347
242 1 136
242 0 346
243 1 136
243 0 345
244 122 313
244 117 314
244 46 315
244 37 316
244 133 318
244 41 317
244 67 136
245 122 281
245 117 282
245 46 283
245 41 284
245 134 286
245 37 285
245 89 136
246 1 136
246 0 280
247 117 248
247 46 249
247 41 250
247 37 251
247 122 252
247 135 253
247 113 136
248 1 247
248 0 279
249 1 247
249 0 278
250 1 247
250 0 277
251 1 247
251 0 276
252 1 247
252 0 275
253 117 254
253 46 255
253 41 256
253 37 257
253 122 258
253 135 259
253 113 136
254 1 253
254 0 274
255 1 253
255 0 273
256 1 253
256 0 272
257 1 253
257 0 271
258 1 253
258 0 270
259 117 260
259 46 261
259 41 262
259 37 263
259 122 264
259 135 247
259 113 136
260 1 259
260 0 269
261 1 259
261 0 268
262 1 259
262 0 267
263 1 259
263 0 266
264 1 259
264 0 265
265 1 259
266 1 259
267 1 259
268 1 259
269 1 259
270 1 253
271 1 253
272 1 253
273 1 253
274 1 253
275 1 247
276 1 247
277 1 247
278 1 247
279 1 247
280 1 136
281 1 245
281 0 312
282 1 245
282 0 311
283 1 245
283 0 310
284 1 245
284 0 309
285 1 245
285 0 308
286 122 287
286 117 288
286 46 289
286 41 290
286 134 292
286 37 291
286 89 136
287 1 286
287 0 307
288 1 286
288 0 306
289 1 286
289 0 305
290 1 286
290 0 304
291 1 286
291 0 303
292 122 293
292 117 294
292 46 295
292 41 296
292 134 245
292 37 297
292 89 136
293 1 292
293 0 302
294 1 292
294 0 301
295 1 292
295 0 300
296 1 292
296 0 299
297 1 292
297 0 298
298 1 292
299 1 292
300 1 292
301 1 292
302 1 292
303 1 286
304 1 286
305 1 286
306 1 286
307 1 286
308 1 245
309 1 245
310 1 245
311 1 245
312 1 245
313 1 244
313 0 344
314 1 244
314 0 343
315 1 244
315 0 342
316 1 244
316 0 341
317 1 244
317 0 340
318 122 319
318 117 320
318 46 321
318 37 322
318 133 324
318 41 323
318 67 136
319 1 318
319 0 339
320 1 318
320 0 338
321 1 318
321 0 337
322 1 318
322 0 336
323 1 318
323 0 335
324 122 325
324 117 326
324 46 327
324 37 328
324 133 244
324 41 329
324 67 136
325 1 324
325 0 334
326 1 324
326 0 333
327 1 324
327 0 332
328 1 324
328 0 331
329 1 324
329 0 330
330 1 324
331 1 324
332 1 324
333 1 324
334 1 324
335 1 318
336 1 318
337 1 318
338 1 318
339 1 318
340 1 244
341 1 244
342 1 244
343 1 244
344 1 244
345 1 136
346 1 136
347 1 136
348 1 136
349 1 29
350 1 29
351 1 29
352 1 25
353 1 25
354 1 25
355 1 14
356 1 14
357 1 14
358 1 14
359 1 14
