# Format: <source_state_id> <instruction_id> <target_state_id>
0 0 1
13 50 20
13 28 21
20 1 13
20 0 84
21 50 22
21 100 23
21 34 24
21 56 25
21 97 13
22 1 21
22 0 83
23 50 42
23 100 43
23 34 44
23 56 45
23 97 13
24 50 34
24 101 35
24 48 21
25 50 26
25 102 27
25 72 21
26 1 25
26 0 33
27 50 28
27 102 29
27 72 21
28 1 27
28 0 32
29 50 30
29 102 25
29 72 21
30 1 29
30 0 31
31 1 29
32 1 27
33 1 25
34 1 24
34 0 41
35 50 36
35 101 37
35 48 21
36 1 35
36 0 40
37 50 38
37 101 24
37 48 21
38 1 37
38 0 39
39 1 37
40 1 35
41 1 24
42 1 23
42 0 82
43 50 62
43 34 63
43 56 64
43 100 21
43 97 13
44 50 54
44 101 55
44 48 23
45 50 46
45 102 47
45 72 23
46 1 45
46 0 53
47 50 48
47 102 49
47 72 23
48 1 47
48 0 52
49 50 50
49 102 45
49 72 23
50 1 49
50 0 51
51 1 49
52 1 47
53 1 45
54 1 44
54 0 61
55 50 56
55 101 57
55 48 23
56 1 55
56 0 60
57 50 58
57 101 44
57 48 23
58 1 57
58 0 59
59 1 57
60 1 55
61 1 44
62 1 43
62 0 81
63 50 73
63 101 74
63 48 43
64 50 65
64 102 66
64 72 43
65 1 64
65 0 72
66 50 67
66 102 68
66 72 43
67 1 66
67 0 71
68 50 69
68 102 64
68 72 43
69 1 68
69 0 70
70 1 68
71 1 66
72 1 64
73 1 63
73 0 80
74 50 75
74 101 76
74 48 43
75 1 74
75 0 79
76 50 77
76 101 63
76 48 43
77 1 76
77 0 78
78 1 76
79 1 74
80 1 63
81 1 43
82 1 23
83 1 21
84 1 13
