# Format: <source_state_id> <instruction_id> <target_state_id>
0 0 1
13 26 20
13 25 21
13 18 22
20 1 13
20 0 44
21 1 13
21 0 43
22 26 23
22 25 24
22 60 25
22 33 13
23 1 22
23 0 40
24 1 22
24 0 39
25 26 26
25 25 27
25 60 28
25 33 13
26 1 25
26 0 36
27 1 25
27 0 35
28 26 29
28 25 30
28 60 22
28 33 13
29 1 28
29 0 32
30 1 28
30 0 31
31 1 28
32 1 28
32 50 33
33 1 32
33 0 34
34 1 32
35 1 25
36 1 25
36 50 37
37 1 36
37 0 38
38 1 36
39 1 22
40 1 22
40 50 41
41 1 40
41 0 42
42 1 40
43 1 13
44 1 13
44 50 45
45 1 44
45 0 46
46 1 44
