# Format: <source_state_id> <instruction_id> <target_state_id>
0 0 1
10 34 20
10 32 21
10 18 22
20 1 10
20 0 92
21 1 10
21 0 79
22 32 23
22 34 24
22 112 25
22 44 10
23 1 22
23 0 66
24 1 22
24 0 63
25 32 26
25 34 27
25 112 28
25 44 10
26 1 25
26 0 50
27 1 25
27 0 47
28 32 29
28 34 30
28 112 22
28 44 10
29 1 28
29 0 34
30 1 28
30 0 31
31 1 28
31 102 32
32 1 31
32 0 33
33 1 31
34 1 28
34 64 35
35 1 28
35 113 36
35 71 37
35 93 34
36 1 28
36 113 40
36 71 41
36 93 34
37 1 28
37 114 38
37 87 35
38 1 28
38 114 39
38 87 35
39 1 28
39 114 37
39 87 35
40 1 28
40 71 44
40 113 35
40 93 34
41 1 28
41 114 42
41 87 36
42 1 28
42 114 43
42 87 36
43 1 28
43 114 41
43 87 36
44 1 28
44 114 45
44 87 40
45 1 28
45 114 46
45 87 40
46 1 28
46 114 44
46 87 40
47 1 25
47 102 48
48 1 47
48 0 49
49 1 47
50 1 25
50 64 51
51 1 25
51 113 52
51 71 53
51 93 50
52 1 25
52 113 56
52 71 57
52 93 50
53 1 25
53 114 54
53 87 51
54 1 25
54 114 55
54 87 51
55 1 25
55 114 53
55 87 51
56 1 25
56 71 60
56 113 51
56 93 50
57 1 25
57 114 58
57 87 52
58 1 25
58 114 59
58 87 52
59 1 25
59 114 57
59 87 52
60 1 25
60 114 61
60 87 56
61 1 25
61 114 62
61 87 56
62 1 25
62 114 60
62 87 56
63 1 22
63 102 64
64 1 63
64 0 65
65 1 63
66 1 22
66 64 67
67 1 22
67 113 68
67 71 69
67 93 66
68 1 22
68 113 72
68 71 73
68 93 66
69 1 22
69 114 70
69 87 67
70 1 22
70 114 71
70 87 67
71 1 22
71 114 69
71 87 67
72 1 22
72 71 76
72 113 67
72 93 66
73 1 22
73 114 74
73 87 68
74 1 22
74 114 75
74 87 68
75 1 22
75 114 73
75 87 68
76 1 22
76 114 77
76 87 72
77 1 22
77 114 78
77 87 72
78 1 22
78 114 76
78 87 72
79 1 10
79 64 80
80 1 10
80 113 81
80 71 82
80 93 79
81 1 10
81 113 85
81 71 86
81 93 79
82 1 10
82 114 83
82 87 80
83 1 10
83 114 84
83 87 80
84 1 10
84 114 82
84 87 80
85 1 10
85 71 89
85 113 80
85 93 79
86 1 10
86 114 87
86 87 81
87 1 10
87 114 88
87 87 81
88 1 10
88 114 86
88 87 81
89 1 10
89 114 90
89 87 85
90 1 10
90 114 91
90 87 85
91 1 10
91 114 89
91 87 85
92 1 10
92 102 93
93 1 92
93 0 94
94 1 92
