# Format: <source_state_id> <instruction_id> <target_state_id>
0 0 1
9 35 20
9 31 21
20 1 9
20 0 66
21 35 22
21 130 23
21 78 9
22 1 21
22 0 53
23 35 24
23 130 25
23 78 9
24 1 23
24 0 40
25 35 26
25 130 21
25 78 9
26 1 25
26 0 27
27 1 25
27 98 28
28 1 25
28 131 29
28 105 30
28 127 27
29 1 25
29 131 33
29 105 34
29 127 27
30 1 25
30 132 31
30 121 28
31 1 25
31 132 32
31 121 28
32 1 25
32 132 30
32 121 28
33 1 25
33 105 37
33 131 28
33 127 27
34 1 25
34 132 35
34 121 29
35 1 25
35 132 36
35 121 29
36 1 25
36 132 34
36 121 29
37 1 25
37 132 38
37 121 33
38 1 25
38 132 39
38 121 33
39 1 25
39 132 37
39 121 33
40 1 23
40 98 41
41 1 23
41 131 42
41 105 43
41 127 40
42 1 23
42 131 46
42 105 47
42 127 40
43 1 23
43 132 44
43 121 41
44 1 23
44 132 45
44 121 41
45 1 23
45 132 43
45 121 41
46 1 23
46 105 50
46 131 41
46 127 40
47 1 23
47 132 48
47 121 42
48 1 23
48 132 49
48 121 42
49 1 23
49 132 47
49 121 42
50 1 23
50 132 51
50 121 46
51 1 23
51 132 52
51 121 46
52 1 23
52 132 50
52 121 46
53 1 21
53 98 54
54 1 21
54 131 55
54 105 56
54 127 53
55 1 21
55 131 59
55 105 60
55 127 53
56 1 21
56 132 57
56 121 54
57 1 21
57 132 58
57 121 54
58 1 21
58 132 56
58 121 54
59 1 21
59 105 63
59 131 54
59 127 53
60 1 21
60 132 61
60 121 55
61 1 21
61 132 62
61 121 55
62 1 21
62 132 60
62 121 55
63 1 21
63 132 64
63 121 59
64 1 21
64 132 65
64 121 59
65 1 21
65 132 63
65 121 59
66 1 9
66 98 67
67 1 9
67 131 68
67 105 69
67 127 66
68 1 9
68 131 72
68 105 73
68 127 66
69 1 9
69 132 70
69 121 67
70 1 9
70 132 71
70 121 67
71 1 9
71 132 69
71 121 67
72 1 9
72 105 76
72 131 67
72 127 66
73 1 9
73 132 74
73 121 68
74 1 9
74 132 75
74 121 68
75 1 9
75 132 73
75 121 68
76 1 9
76 132 77
76 121 72
77 1 9
77 132 78
77 121 72
78 1 9
78 132 76
78 121 72
