# Format: <source_state_id> <instruction_id> <target_state_id>
0 0 1
14 48 22
14 32 23
14 28 24
22 1 14
22 0 76
23 1 14
23 0 75
24 48 25
24 141 27
24 32 26
24 71 14
25 1 24
25 0 62
26 1 24
26 0 61
27 48 28
27 141 30
27 32 29
27 71 14
28 1 27
28 0 48
29 1 27
29 0 47
30 48 31
30 141 24
30 32 32
30 71 14
31 1 30
31 0 34
32 1 30
32 0 33
33 1 30
34 1 30
34 91 35
35 1 30
35 142 36
35 98 37
35 120 34
36 1 30
36 142 40
36 98 41
36 120 34
37 1 30
37 143 38
37 114 35
38 1 30
38 143 39
38 114 35
39 1 30
39 143 37
39 114 35
40 1 30
40 98 44
40 142 35
40 120 34
41 1 30
41 143 42
41 114 36
42 1 30
42 143 43
42 114 36
43 1 30
43 143 41
43 114 36
44 1 30
44 143 45
44 114 40
45 1 30
45 143 46
45 114 40
46 1 30
46 143 44
46 114 40
47 1 27
48 1 27
48 91 49
49 1 27
49 142 50
49 98 51
49 120 48
50 1 27
50 142 54
50 98 55
50 120 48
51 1 27
51 143 52
51 114 49
52 1 27
52 143 53
52 114 49
53 1 27
53 143 51
53 114 49
54 1 27
54 98 58
54 142 49
54 120 48
55 1 27
55 143 56
55 114 50
56 1 27
56 143 57
56 114 50
57 1 27
57 143 55
57 114 50
58 1 27
58 143 59
58 114 54
59 1 27
59 143 60
59 114 54
60 1 27
60 143 58
60 114 54
61 1 24
62 1 24
62 91 63
63 1 24
63 142 64
63 98 65
63 120 62
64 1 24
64 142 68
64 98 69
64 120 62
65 1 24
65 143 66
65 114 63
66 1 24
66 143 67
66 114 63
67 1 24
67 143 65
67 114 63
68 1 24
68 98 72
68 142 63
68 120 62
69 1 24
69 143 70
69 114 64
70 1 24
70 143 71
70 114 64
71 1 24
71 143 69
71 114 64
72 1 24
72 143 73
72 114 68
73 1 24
73 143 74
73 114 68
74 1 24
74 143 72
74 114 68
75 1 14
76 1 14
76 91 77
77 1 14
77 142 78
77 98 79
77 120 76
78 1 14
78 142 82
78 98 83
78 120 76
79 1 14
79 143 80
79 114 77
80 1 14
80 143 81
80 114 77
81 1 14
81 143 79
81 114 77
82 1 14
82 98 86
82 142 77
82 120 76
83 1 14
83 143 84
83 114 78
84 1 14
84 143 85
84 114 78
85 1 14
85 143 83
85 114 78
86 1 14
86 143 87
86 114 82
87 1 14
87 143 88
87 114 82
88 1 14
88 143 86
88 114 82
