# Format: <source_state_id> <instruction_id> <target_state_id>
0 0 1
15 95 20
15 43 21
15 28 22
15 24 23
20 1 15
20 0 265
21 1 15
21 0 252
22 1 15
22 0 251
23 95 24
23 43 25
23 28 26
23 150 27
23 51 28
23 103 15
24 1 23
24 0 250
25 1 23
25 0 237
26 1 23
26 0 236
27 95 85
27 43 86
27 28 87
27 150 88
27 51 89
27 103 15
28 28 29
28 151 32
28 95 30
28 43 31
28 69 23
29 1 28
29 0 84
30 1 28
30 0 83
31 1 28
31 0 70
32 28 33
32 151 36
32 95 34
32 43 35
32 69 23
33 1 32
33 0 69
34 1 32
34 0 68
35 1 32
35 0 55
36 28 37
36 151 28
36 95 38
36 43 39
36 69 23
37 1 36
37 0 54
38 1 36
38 0 53
39 1 36
39 0 40
40 1 36
40 119 41
41 1 36
41 153 42
41 126 43
41 148 40
42 1 36
42 153 46
42 126 47
42 148 40
43 1 36
43 154 44
43 142 41
44 1 36
44 154 45
44 142 41
45 1 36
45 154 43
45 142 41
46 1 36
46 126 50
46 153 41
46 148 40
47 1 36
47 154 48
47 142 42
48 1 36
48 154 49
48 142 42
49 1 36
49 154 47
49 142 42
50 1 36
50 154 51
50 142 46
51 1 36
51 154 52
51 142 46
52 1 36
52 154 50
52 142 46
53 1 36
54 1 36
55 1 32
55 119 56
56 1 32
56 153 57
56 126 58
56 148 55
57 1 32
57 153 61
57 126 62
57 148 55
58 1 32
58 154 59
58 142 56
59 1 32
59 154 60
59 142 56
60 1 32
60 154 58
60 142 56
61 1 32
61 126 65
61 153 56
61 148 55
62 1 32
62 154 63
62 142 57
63 1 32
63 154 64
63 142 57
64 1 32
64 154 62
64 142 57
65 1 32
65 154 66
65 142 61
66 1 32
66 154 67
66 142 61
67 1 32
67 154 65
67 142 61
68 1 32
69 1 32
70 1 28
70 119 71
71 1 28
71 153 72
71 126 73
71 148 70
72 1 28
72 153 76
72 126 77
72 148 70
73 1 28
73 154 74
73 142 71
74 1 28
74 154 75
74 142 71
75 1 28
75 154 73
75 142 71
76 1 28
76 126 80
76 153 71
76 148 70
77 1 28
77 154 78
77 142 72
78 1 28
78 154 79
78 142 72
79 1 28
79 154 77
79 142 72
80 1 28
80 154 81
80 142 76
81 1 28
81 154 82
81 142 76
82 1 28
82 154 80
82 142 76
83 1 28
84 1 28
85 1 27
85 0 235
86 1 27
86 0 222
87 1 27
87 0 221
88 95 146
88 43 147
88 28 148
88 51 149
88 103 15
88 150 23
89 28 90
89 151 93
89 95 91
89 43 92
89 69 27
90 1 89
90 0 145
91 1 89
91 0 144
92 1 89
92 0 131
93 28 94
93 151 97
93 95 95
93 43 96
93 69 27
94 1 93
94 0 130
95 1 93
95 0 129
96 1 93
96 0 116
97 28 98
97 151 89
97 95 99
97 43 100
97 69 27
98 1 97
98 0 115
99 1 97
99 0 114
100 1 97
100 0 101
101 1 97
101 119 102
102 1 97
102 153 103
102 126 104
102 148 101
103 1 97
103 153 107
103 126 108
103 148 101
104 1 97
104 154 105
104 142 102
105 1 97
105 154 106
105 142 102
106 1 97
106 154 104
106 142 102
107 1 97
107 126 111
107 153 102
107 148 101
108 1 97
108 154 109
108 142 103
109 1 97
109 154 110
109 142 103
110 1 97
110 154 108
110 142 103
111 1 97
111 154 112
111 142 107
112 1 97
112 154 113
112 142 107
113 1 97
113 154 111
113 142 107
114 1 97
115 1 97
116 1 93
116 119 117
117 1 93
117 153 118
117 126 119
117 148 116
118 1 93
118 153 122
118 126 123
118 148 116
119 1 93
119 154 120
119 142 117
120 1 93
120 154 121
120 142 117
121 1 93
121 154 119
121 142 117
122 1 93
122 126 126
122 153 117
122 148 116
123 1 93
123 154 124
123 142 118
124 1 93
124 154 125
124 142 118
125 1 93
125 154 123
125 142 118
126 1 93
126 154 127
126 142 122
127 1 93
127 154 128
127 142 122
128 1 93
128 154 126
128 142 122
129 1 93
130 1 93
131 1 89
131 119 132
132 1 89
132 153 133
132 126 134
132 148 131
133 1 89
133 153 137
133 126 138
133 148 131
134 1 89
134 154 135
134 142 132
135 1 89
135 154 136
135 142 132
136 1 89
136 154 134
136 142 132
137 1 89
137 126 141
137 153 132
137 148 131
138 1 89
138 154 139
138 142 133
139 1 89
139 154 140
139 142 133
140 1 89
140 154 138
140 142 133
141 1 89
141 154 142
141 142 137
142 1 89
142 154 143
142 142 137
143 1 89
143 154 141
143 142 137
144 1 89
145 1 89
146 1 88
146 0 220
147 1 88
147 0 207
148 1 88
148 0 206
149 28 150
149 151 153
149 95 151
149 43 152
149 69 88
150 1 149
150 0 205
151 1 149
151 0 204
152 1 149
152 0 191
153 28 154
153 151 157
153 95 155
153 43 156
153 69 88
154 1 153
154 0 190
155 1 153
155 0 189
156 1 153
156 0 176
157 28 158
157 151 149
157 95 159
157 43 160
157 69 88
158 1 157
158 0 175
159 1 157
159 0 174
160 1 157
160 0 161
161 1 157
161 119 162
162 1 157
162 153 163
162 126 164
162 148 161
163 1 157
163 153 167
163 126 168
163 148 161
164 1 157
164 154 165
164 142 162
165 1 157
165 154 166
165 142 162
166 1 157
166 154 164
166 142 162
167 1 157
167 126 171
167 153 162
167 148 161
168 1 157
168 154 169
168 142 163
169 1 157
169 154 170
169 142 163
170 1 157
170 154 168
170 142 163
171 1 157
171 154 172
171 142 167
172 1 157
172 154 173
172 142 167
173 1 157
173 154 171
173 142 167
174 1 157
175 1 157
176 1 153
176 119 177
177 1 153
177 153 178
177 126 179
177 148 176
178 1 153
178 153 182
178 126 183
178 148 176
179 1 153
179 154 180
179 142 177
180 1 153
180 154 181
180 142 177
181 1 153
181 154 179
181 142 177
182 1 153
182 126 186
182 153 177
182 148 176
183 1 153
183 154 184
183 142 178
184 1 153
184 154 185
184 142 178
185 1 153
185 154 183
185 142 178
186 1 153
186 154 187
186 142 182
187 1 153
187 154 188
187 142 182
188 1 153
188 154 186
188 142 182
189 1 153
190 1 153
191 1 149
191 119 192
192 1 149
192 153 193
192 126 194
192 148 191
193 1 149
193 153 197
193 126 198
193 148 191
194 1 149
194 154 195
194 142 192
195 1 149
195 154 196
195 142 192
196 1 149
196 154 194
196 142 192
197 1 149
197 126 201
197 153 192
197 148 191
198 1 149
198 154 199
198 142 193
199 1 149
199 154 200
199 142 193
200 1 149
200 154 198
200 142 193
201 1 149
201 154 202
201 142 197
202 1 149
202 154 203
202 142 197
203 1 149
203 154 201
203 142 197
204 1 149
205 1 149
206 1 88
207 1 88
207 119 208
208 1 88
208 153 209
208 126 210
208 148 207
209 1 88
209 153 213
209 126 214
209 148 207
210 1 88
210 154 211
210 142 208
211 1 88
211 154 212
211 142 208
212 1 88
212 154 210
212 142 208
213 1 88
213 126 217
213 153 208
213 148 207
214 1 88
214 154 215
214 142 209
215 1 88
215 154 216
215 142 209
216 1 88
216 154 214
216 142 209
217 1 88
217 154 218
217 142 213
218 1 88
218 154 219
218 142 213
219 1 88
219 154 217
219 142 213
220 1 88
221 1 27
222 1 27
222 119 223
223 1 27
223 153 224
223 126 225
223 148 222
224 1 27
224 153 228
224 126 229
224 148 222
225 1 27
225 154 226
225 142 223
226 1 27
226 154 227
226 142 223
227 1 27
227 154 225
227 142 223
228 1 27
228 126 232
228 153 223
228 148 222
229 1 27
229 154 230
229 142 224
230 1 27
230 154 231
230 142 224
231 1 27
231 154 229
231 142 224
232 1 27
232 154 233
232 142 228
233 1 27
233 154 234
233 142 228
234 1 27
234 154 232
234 142 228
235 1 27
236 1 23
237 1 23
237 119 238
238 1 23
238 153 239
238 126 240
238 148 237
239 1 23
239 153 243
239 126 244
239 148 237
240 1 23
240 154 241
240 142 238
241 1 23
241 154 242
241 142 238
242 1 23
242 154 240
242 142 238
243 1 23
243 126 247
243 153 238
243 148 237
244 1 23
244 154 245
244 142 239
245 1 23
245 154 246
245 142 239
246 1 23
246 154 244
246 142 239
247 1 23
247 154 248
247 142 243
248 1 23
248 154 249
248 142 243
249 1 23
249 154 247
249 142 243
250 1 23
251 1 15
252 1 15
252 119 253
253 1 15
253 153 254
253 126 255
253 148 252
254 1 15
254 153 258
254 126 259
254 148 252
255 1 15
255 154 256
255 142 253
256 1 15
256 154 257
256 142 253
257 1 15
257 154 255
257 142 253
258 1 15
258 126 262
258 153 253
258 148 252
259 1 15
259 154 260
259 142 254
260 1 15
260 154 261
260 142 254
261 1 15
261 154 259
261 142 254
262 1 15
262 154 263
262 142 258
263 1 15
263 154 264
263 142 258
264 1 15
264 154 262
264 142 258
265 1 15
