# Format: <source_state_id> <instruction_id> <target_state_id>
0 0 1
11 40 21
11 35 22
11 25 23
11 21 24
21 1 11
21 0 55
22 1 11
22 0 52
23 1 11
23 0 51
24 40 25
24 25 26
24 35 27
24 74 28
24 47 11
25 1 24
25 0 50
26 1 24
26 0 49
27 1 24
27 0 46
28 40 29
28 25 30
28 35 31
28 74 32
28 47 11
29 1 28
29 0 45
30 1 28
30 0 44
31 1 28
31 0 41
32 40 33
32 25 34
32 35 35
32 74 24
32 47 11
33 1 32
33 0 40
34 1 32
34 0 39
35 1 32
35 0 36
36 1 32
36 64 37
37 1 36
37 0 38
38 1 36
39 1 32
40 1 32
41 1 28
41 64 42
42 1 41
42 0 43
43 1 41
44 1 28
45 1 28
46 1 24
46 64 47
47 1 46
47 0 48
48 1 46
49 1 24
50 1 24
51 1 11
52 1 11
52 64 53
53 1 52
53 0 54
54 1 52
55 1 11
