# Format: <source_state_id> <instruction_id> <target_state_id>
0 0 1
9 41 20
9 25 21
20 1 9
20 0 66
21 41 22
21 102 23
21 55 9
22 1 21
22 0 53
23 41 24
23 102 25
23 55 9
24 1 23
24 0 40
25 41 26
25 102 21
25 55 9
26 1 25
26 0 27
27 1 25
27 71 28
28 1 25
28 103 29
28 78 30
28 100 27
29 1 25
29 103 33
29 78 34
29 100 27
30 1 25
30 104 31
30 94 28
31 1 25
31 104 32
31 94 28
32 1 25
32 104 30
32 94 28
33 1 25
33 78 37
33 103 28
33 100 27
34 1 25
34 104 35
34 94 29
35 1 25
35 104 36
35 94 29
36 1 25
36 104 34
36 94 29
37 1 25
37 104 38
37 94 33
38 1 25
38 104 39
38 94 33
39 1 25
39 104 37
39 94 33
40 1 23
40 71 41
41 1 23
41 103 42
41 78 43
41 100 40
42 1 23
42 103 46
42 78 47
42 100 40
43 1 23
43 104 44
43 94 41
44 1 23
44 104 45
44 94 41
45 1 23
45 104 43
45 94 41
46 1 23
46 78 50
46 103 41
46 100 40
47 1 23
47 104 48
47 94 42
48 1 23
48 104 49
48 94 42
49 1 23
49 104 47
49 94 42
50 1 23
50 104 51
50 94 46
51 1 23
51 104 52
51 94 46
52 1 23
52 104 50
52 94 46
53 1 21
53 71 54
54 1 21
54 103 55
54 78 56
54 100 53
55 1 21
55 103 59
55 78 60
55 100 53
56 1 21
56 104 57
56 94 54
57 1 21
57 104 58
57 94 54
58 1 21
58 104 56
58 94 54
59 1 21
59 78 63
59 103 54
59 100 53
60 1 21
60 104 61
60 94 55
61 1 21
61 104 62
61 94 55
62 1 21
62 104 60
62 94 55
63 1 21
63 104 64
63 94 59
64 1 21
64 104 65
64 94 59
65 1 21
65 104 63
65 94 59
66 1 9
66 71 67
67 1 9
67 103 68
67 78 69
67 100 66
68 1 9
68 103 72
68 78 73
68 100 66
69 1 9
69 104 70
69 94 67
70 1 9
70 104 71
70 94 67
71 1 9
71 104 69
71 94 67
72 1 9
72 78 76
72 103 67
72 100 66
73 1 9
73 104 74
73 94 68
74 1 9
74 104 75
74 94 68
75 1 9
75 104 73
75 94 68
76 1 9
76 104 77
76 94 72
77 1 9
77 104 78
77 94 72
78 1 9
78 104 76
78 94 72
