# Format: <source_state_id> <instruction_id> <target_state_id>
0 0 1
8 341 325
9 364 319
9 363 320
11 108 52
11 107 53
11 106 54
11 86 67
11 75 66
11 46 65
11 93 64
11 54 63
11 105 62
11 92 61
11 53 60
11 91 59
11 52 58
11 51 57
11 94 56
11 42 55
12 273 50
18 258 44
18 257 45
20 295 38
20 294 39
21 326 32
21 325 33
32 1 21
32 0 37
33 1 21
33 0 34
34 1 21
34 212 35
35 1 34
35 0 36
36 1 34
37 1 21
38 1 20
38 0 43
39 1 20
39 0 40
40 1 20
40 220 41
41 1 40
41 0 42
42 1 40
43 1 20
44 1 18
44 0 49
45 1 18
45 0 46
46 1 18
46 228 47
47 1 46
47 0 48
48 1 46
49 1 18
50 1 12
50 0 51
51 1 12
52 1 11
52 0 316
53 1 11
53 0 313
54 1 11
54 0 310
55 108 110
55 107 111
55 106 112
55 94 125
55 86 124
55 75 123
55 46 122
55 92 121
55 53 120
55 91 119
55 110 11
55 52 118
55 51 117
55 93 116
55 54 115
55 105 113
55 366 114
56 1 11
56 0 107
57 1 11
57 0 104
58 1 11
58 0 101
59 1 11
59 0 98
60 1 11
60 0 95
61 1 11
61 0 92
62 1 11
62 0 89
63 1 11
63 0 86
64 1 11
64 0 83
65 1 11
65 0 82
66 1 11
66 0 69
67 1 11
67 0 68
68 1 11
69 1 11
69 167 70
70 367 71
70 174 72
70 1 11
70 196 69
71 367 75
71 174 76
71 1 11
71 196 69
72 1 11
72 368 73
72 190 70
73 1 11
73 368 74
73 190 70
74 1 11
74 368 72
74 190 70
75 174 79
75 367 70
75 1 11
75 196 69
76 1 11
76 368 77
76 190 71
77 1 11
77 368 78
77 190 71
78 1 11
78 368 76
78 190 71
79 1 11
79 368 80
79 190 75
80 1 11
80 368 81
80 190 75
81 1 11
81 368 79
81 190 75
82 1 11
83 1 11
83 220 84
84 1 83
84 0 85
85 1 83
86 1 11
86 151 87
87 1 86
87 0 88
88 1 86
89 1 11
89 204 90
90 1 89
90 0 91
91 1 89
92 1 11
92 212 93
93 1 92
93 0 94
94 1 92
95 1 11
95 142 96
96 1 95
96 0 97
97 1 95
98 1 11
98 204 99
99 1 98
99 0 100
100 1 98
101 1 11
101 133 102
102 1 101
102 0 103
103 1 101
104 1 11
104 124 105
105 1 104
105 0 106
106 1 104
107 1 11
107 228 108
108 1 107
108 0 109
109 1 107
110 1 55
110 0 307
111 1 55
111 0 304
112 1 55
112 0 301
113 1 55
113 0 298
114 108 165
114 107 166
114 106 167
114 94 180
114 86 179
114 75 178
114 46 177
114 92 176
114 53 175
114 91 174
114 110 11
114 52 173
114 51 172
114 93 171
114 54 170
114 105 168
114 366 169
115 1 55
115 0 162
116 1 55
116 0 159
117 1 55
117 0 156
118 1 55
118 0 153
119 1 55
119 0 150
120 1 55
120 0 147
121 1 55
121 0 144
122 1 55
122 0 143
123 1 55
123 0 130
124 1 55
124 0 129
125 1 55
125 0 126
126 1 55
126 228 127
127 1 126
127 0 128
128 1 126
129 1 55
130 1 55
130 167 131
131 367 132
131 174 133
131 1 55
131 196 130
132 367 136
132 174 137
132 1 55
132 196 130
133 1 55
133 368 134
133 190 131
134 1 55
134 368 135
134 190 131
135 1 55
135 368 133
135 190 131
136 174 140
136 367 131
136 1 55
136 196 130
137 1 55
137 368 138
137 190 132
138 1 55
138 368 139
138 190 132
139 1 55
139 368 137
139 190 132
140 1 55
140 368 141
140 190 136
141 1 55
141 368 142
141 190 136
142 1 55
142 368 140
142 190 136
143 1 55
144 1 55
144 212 145
145 1 144
145 0 146
146 1 144
147 1 55
147 142 148
148 1 147
148 0 149
149 1 147
150 1 55
150 204 151
151 1 150
151 0 152
152 1 150
153 1 55
153 133 154
154 1 153
154 0 155
155 1 153
156 1 55
156 124 157
157 1 156
157 0 158
158 1 156
159 1 55
159 220 160
160 1 159
160 0 161
161 1 159
162 1 55
162 151 163
163 1 162
163 0 164
164 1 162
165 1 114
165 0 295
166 1 114
166 0 292
167 1 114
167 0 289
168 1 114
168 0 286
169 108 220
169 107 221
169 106 222
169 105 223
169 366 55
169 93 225
169 54 224
169 94 234
169 86 233
169 75 232
169 46 231
169 92 230
169 53 229
169 91 228
169 110 11
169 52 227
169 51 226
170 1 114
170 0 217
171 1 114
171 0 214
172 1 114
172 0 211
173 1 114
173 0 208
174 1 114
174 0 205
175 1 114
175 0 202
176 1 114
176 0 199
177 1 114
177 0 198
178 1 114
178 0 185
179 1 114
179 0 184
180 1 114
180 0 181
181 1 114
181 228 182
182 1 181
182 0 183
183 1 181
184 1 114
185 1 114
185 167 186
186 367 187
186 174 188
186 1 114
186 196 185
187 367 191
187 174 192
187 1 114
187 196 185
188 1 114
188 368 189
188 190 186
189 1 114
189 368 190
189 190 186
190 1 114
190 368 188
190 190 186
191 174 195
191 367 186
191 1 114
191 196 185
192 1 114
192 368 193
192 190 187
193 1 114
193 368 194
193 190 187
194 1 114
194 368 192
194 190 187
195 1 114
195 368 196
195 190 191
196 1 114
196 368 197
196 190 191
197 1 114
197 368 195
197 190 191
198 1 114
199 1 114
199 212 200
200 1 199
200 0 201
201 1 199
202 1 114
202 142 203
203 1 202
203 0 204
204 1 202
205 1 114
205 204 206
206 1 205
206 0 207
207 1 205
208 1 114
208 133 209
209 1 208
209 0 210
210 1 208
211 1 114
211 124 212
212 1 211
212 0 213
213 1 211
214 1 114
214 220 215
215 1 214
215 0 216
216 1 214
217 1 114
217 151 218
218 1 217
218 0 219
219 1 217
220 1 169
220 0 283
221 1 169
221 0 280
222 1 169
222 0 277
223 1 169
223 0 274
224 1 169
224 0 271
225 1 169
225 0 268
226 1 169
226 0 265
227 1 169
227 0 262
228 1 169
228 0 259
229 1 169
229 0 256
230 1 169
230 0 253
231 1 169
231 0 252
232 1 169
232 0 239
233 1 169
233 0 238
234 1 169
234 0 235
235 1 169
235 228 236
236 1 235
236 0 237
237 1 235
238 1 169
239 1 169
239 167 240
240 367 241
240 174 242
240 1 169
240 196 239
241 367 245
241 174 246
241 1 169
241 196 239
242 1 169
242 368 243
242 190 240
243 1 169
243 368 244
243 190 240
244 1 169
244 368 242
244 190 240
245 174 249
245 367 240
245 1 169
245 196 239
246 1 169
246 368 247
246 190 241
247 1 169
247 368 248
247 190 241
248 1 169
248 368 246
248 190 241
249 1 169
249 368 250
249 190 245
250 1 169
250 368 251
250 190 245
251 1 169
251 368 249
251 190 245
252 1 169
253 1 169
253 212 254
254 1 253
254 0 255
255 1 253
256 1 169
256 142 257
257 1 256
257 0 258
258 1 256
259 1 169
259 204 260
260 1 259
260 0 261
261 1 259
262 1 169
262 133 263
263 1 262
263 0 264
264 1 262
265 1 169
265 124 266
266 1 265
266 0 267
267 1 265
268 1 169
268 220 269
269 1 268
269 0 270
270 1 268
271 1 169
271 151 272
272 1 271
272 0 273
273 1 271
274 1 169
274 204 275
275 1 274
275 0 276
276 1 274
277 1 169
277 212 278
278 1 277
278 0 279
279 1 277
280 1 169
280 220 281
281 1 280
281 0 282
282 1 280
283 1 169
283 228 284
284 1 283
284 0 285
285 1 283
286 1 114
286 204 287
287 1 286
287 0 288
288 1 286
289 1 114
289 212 290
290 1 289
290 0 291
291 1 289
292 1 114
292 220 293
293 1 292
293 0 294
294 1 292
295 1 114
295 228 296
296 1 295
296 0 297
297 1 295
298 1 55
298 204 299
299 1 298
299 0 300
300 1 298
301 1 55
301 212 302
302 1 301
302 0 303
303 1 301
304 1 55
304 220 305
305 1 304
305 0 306
306 1 304
307 1 55
307 228 308
308 1 307
308 0 309
309 1 307
310 1 11
310 212 311
311 1 310
311 0 312
312 1 310
313 1 11
313 220 314
314 1 313
314 0 315
315 1 313
316 1 11
316 228 317
317 1 316
317 0 318
318 1 316
319 1 9
319 0 324
320 1 9
320 0 321
321 1 9
321 204 322
322 1 321
322 0 323
323 1 321
324 1 9
325 1 8
325 0 326
326 1 8
