# Format: <source_state_id> <instruction_id> <target_state_id>
0 0 1
9 39 20
9 30 21
9 25 22
20 1 9
20 0 44
21 1 9
21 0 43
22 39 23
22 30 24
22 69 25
22 50 9
23 1 22
23 0 40
24 1 22
24 0 39
25 39 26
25 30 27
25 69 28
25 50 9
26 1 25
26 0 36
27 1 25
27 0 35
28 39 29
28 30 30
28 69 22
28 50 9
29 1 28
29 0 32
30 1 28
30 0 31
31 1 28
32 1 28
32 59 33
33 1 32
33 0 34
34 1 32
35 1 25
36 1 25
36 59 37
37 1 36
37 0 38
38 1 36
39 1 22
40 1 22
40 59 41
41 1 40
41 0 42
42 1 40
43 1 9
44 1 9
44 59 45
45 1 44
45 0 46
46 1 44
