# Format: <source_state_id> <instruction_id> <target_state_id>
0 0 1
12 51 20
12 46 21
12 45 22
12 32 23
12 28 24
20 1 12
20 0 106
21 1 12
21 0 93
22 1 12
22 0 91
23 1 12
23 0 90
24 51 25
24 46 26
24 45 27
24 32 28
24 156 29
24 61 12
25 1 24
25 0 89
26 1 24
26 0 76
27 1 24
27 0 74
28 1 24
28 0 73
29 51 30
29 46 31
29 45 32
29 32 33
29 156 34
29 61 12
30 1 29
30 0 72
31 1 29
31 0 59
32 1 29
32 0 57
33 1 29
33 0 56
34 51 35
34 46 36
34 45 37
34 32 38
34 156 24
34 61 12
35 1 34
35 0 55
36 1 34
36 0 42
37 1 34
37 0 40
38 1 34
38 0 39
39 1 34
40 1 34
40 96 41
41 1 40
41 0 40
42 1 34
42 116 43
43 1 34
43 157 44
43 123 45
43 145 42
44 1 34
44 157 48
44 123 49
44 145 42
45 1 34
45 158 46
45 139 43
46 1 34
46 158 47
46 139 43
47 1 34
47 158 45
47 139 43
48 123 52
48 1 34
48 157 43
48 145 42
49 1 34
49 158 50
49 139 44
50 1 34
50 158 51
50 139 44
51 1 34
51 158 49
51 139 44
52 1 34
52 158 53
52 139 48
53 1 34
53 158 54
53 139 48
54 1 34
54 158 52
54 139 48
55 1 34
56 1 29
57 1 29
57 96 58
58 1 57
58 0 57
59 1 29
59 116 60
60 1 29
60 157 61
60 123 62
60 145 59
61 1 29
61 157 65
61 123 66
61 145 59
62 1 29
62 158 63
62 139 60
63 1 29
63 158 64
63 139 60
64 1 29
64 158 62
64 139 60
65 123 69
65 1 29
65 157 60
65 145 59
66 1 29
66 158 67
66 139 61
67 1 29
67 158 68
67 139 61
68 1 29
68 158 66
68 139 61
69 1 29
69 158 70
69 139 65
70 1 29
70 158 71
70 139 65
71 1 29
71 158 69
71 139 65
72 1 29
73 1 24
74 1 24
74 96 75
75 1 74
75 0 74
76 1 24
76 116 77
77 1 24
77 157 78
77 123 79
77 145 76
78 1 24
78 157 82
78 123 83
78 145 76
79 1 24
79 158 80
79 139 77
80 1 24
80 158 81
80 139 77
81 1 24
81 158 79
81 139 77
82 123 86
82 1 24
82 157 77
82 145 76
83 1 24
83 158 84
83 139 78
84 1 24
84 158 85
84 139 78
85 1 24
85 158 83
85 139 78
86 1 24
86 158 87
86 139 82
87 1 24
87 158 88
87 139 82
88 1 24
88 158 86
88 139 82
89 1 24
90 1 12
91 1 12
91 96 92
92 1 91
92 0 91
93 1 12
93 116 94
94 1 12
94 157 95
94 123 96
94 145 93
95 1 12
95 157 99
95 123 100
95 145 93
96 1 12
96 158 97
96 139 94
97 1 12
97 158 98
97 139 94
98 1 12
98 158 96
98 139 94
99 123 103
99 1 12
99 157 94
99 145 93
100 1 12
100 158 101
100 139 95
101 1 12
101 158 102
101 139 95
102 1 12
102 158 100
102 139 95
103 1 12
103 158 104
103 139 99
104 1 12
104 158 105
104 139 99
105 1 12
105 158 103
105 139 99
106 1 12
