# Format: <source_state_id> <instruction_id> <target_state_id>
0 0 1
10 55 20
10 52 21
10 31 22
20 1 10
20 0 86
21 1 10
21 0 73
22 55 23
22 125 25
22 52 24
22 65 10
23 1 22
23 0 72
24 1 22
24 0 59
25 55 26
25 125 28
25 52 27
25 65 10
26 1 25
26 0 58
27 1 25
27 0 45
28 55 29
28 125 22
28 52 30
28 65 10
29 1 28
29 0 44
30 1 28
30 0 31
31 1 28
31 85 32
32 126 33
32 1 28
32 92 34
32 114 31
33 126 37
33 1 28
33 92 38
33 114 31
34 1 28
34 127 35
34 108 32
35 1 28
35 127 36
35 108 32
36 1 28
36 127 34
36 108 32
37 1 28
37 92 41
37 126 32
37 114 31
38 1 28
38 127 39
38 108 33
39 1 28
39 127 40
39 108 33
40 1 28
40 127 38
40 108 33
41 1 28
41 127 42
41 108 37
42 1 28
42 127 43
42 108 37
43 1 28
43 127 41
43 108 37
44 1 28
45 1 25
45 85 46
46 126 47
46 1 25
46 92 48
46 114 45
47 126 51
47 1 25
47 92 52
47 114 45
48 1 25
48 127 49
48 108 46
49 1 25
49 127 50
49 108 46
50 1 25
50 127 48
50 108 46
51 1 25
51 92 55
51 126 46
51 114 45
52 1 25
52 127 53
52 108 47
53 1 25
53 127 54
53 108 47
54 1 25
54 127 52
54 108 47
55 1 25
55 127 56
55 108 51
56 1 25
56 127 57
56 108 51
57 1 25
57 127 55
57 108 51
58 1 25
59 1 22
59 85 60
60 126 61
60 1 22
60 92 62
60 114 59
61 126 65
61 1 22
61 92 66
61 114 59
62 1 22
62 127 63
62 108 60
63 1 22
63 127 64
63 108 60
64 1 22
64 127 62
64 108 60
65 1 22
65 92 69
65 126 60
65 114 59
66 1 22
66 127 67
66 108 61
67 1 22
67 127 68
67 108 61
68 1 22
68 127 66
68 108 61
69 1 22
69 127 70
69 108 65
70 1 22
70 127 71
70 108 65
71 1 22
71 127 69
71 108 65
72 1 22
73 1 10
73 85 74
74 126 75
74 1 10
74 92 76
74 114 73
75 126 79
75 1 10
75 92 80
75 114 73
76 1 10
76 127 77
76 108 74
77 1 10
77 127 78
77 108 74
78 1 10
78 127 76
78 108 74
79 1 10
79 92 83
79 126 74
79 114 73
80 1 10
80 127 81
80 108 75
81 1 10
81 127 82
81 108 75
82 1 10
82 127 80
82 108 75
83 1 10
83 127 84
83 108 79
84 1 10
84 127 85
84 108 79
85 1 10
85 127 83
85 108 79
86 1 10
