# Format: <source_state_id> <instruction_id> <target_state_id>
0 0 1
11 49 20
11 39 21
11 40 22
11 27 23
20 1 11
20 0 101
21 1 11
21 0 99
22 1 11
22 0 86
23 49 24
23 40 25
23 39 26
23 190 27
23 59 11
24 1 23
24 0 84
25 1 23
25 0 71
26 1 23
26 0 69
27 49 28
27 40 29
27 39 30
27 190 31
27 59 11
28 1 27
28 0 67
29 1 27
29 0 54
30 1 27
30 0 52
31 49 32
31 40 33
31 39 34
31 190 23
31 59 11
32 1 31
32 0 50
33 1 31
33 0 37
34 1 31
34 0 35
35 1 31
35 94 36
36 1 35
36 0 35
37 1 31
37 114 38
38 1 31
38 191 39
38 121 40
38 143 37
39 1 31
39 191 43
39 121 44
39 143 37
40 1 31
40 192 41
40 137 38
41 1 31
41 192 42
41 137 38
42 1 31
42 192 40
42 137 38
43 1 31
43 121 47
43 191 38
43 143 37
44 1 31
44 192 45
44 137 39
45 1 31
45 192 46
45 137 39
46 1 31
46 192 44
46 137 39
47 1 31
47 192 48
47 137 43
48 1 31
48 192 49
48 137 43
49 1 31
49 192 47
49 137 43
50 1 31
50 185 51
51 1 50
51 0 50
52 1 27
52 94 53
53 1 52
53 0 52
54 1 27
54 114 55
55 1 27
55 191 56
55 121 57
55 143 54
56 1 27
56 191 60
56 121 61
56 143 54
57 1 27
57 192 58
57 137 55
58 1 27
58 192 59
58 137 55
59 1 27
59 192 57
59 137 55
60 1 27
60 121 64
60 191 55
60 143 54
61 1 27
61 192 62
61 137 56
62 1 27
62 192 63
62 137 56
63 1 27
63 192 61
63 137 56
64 1 27
64 192 65
64 137 60
65 1 27
65 192 66
65 137 60
66 1 27
66 192 64
66 137 60
67 1 27
67 185 68
68 1 67
68 0 67
69 1 23
69 94 70
70 1 69
70 0 69
71 1 23
71 114 72
72 1 23
72 191 73
72 121 74
72 143 71
73 1 23
73 191 77
73 121 78
73 143 71
74 1 23
74 192 75
74 137 72
75 1 23
75 192 76
75 137 72
76 1 23
76 192 74
76 137 72
77 1 23
77 121 81
77 191 72
77 143 71
78 1 23
78 192 79
78 137 73
79 1 23
79 192 80
79 137 73
80 1 23
80 192 78
80 137 73
81 1 23
81 192 82
81 137 77
82 1 23
82 192 83
82 137 77
83 1 23
83 192 81
83 137 77
84 1 23
84 185 85
85 1 84
85 0 84
86 1 11
86 114 87
87 1 11
87 191 88
87 121 89
87 143 86
88 1 11
88 191 92
88 121 93
88 143 86
89 1 11
89 192 90
89 137 87
90 1 11
90 192 91
90 137 87
91 1 11
91 192 89
91 137 87
92 1 11
92 121 96
92 191 87
92 143 86
93 1 11
93 192 94
93 137 88
94 1 11
94 192 95
94 137 88
95 1 11
95 192 93
95 137 88
96 1 11
96 192 97
96 137 92
97 1 11
97 192 98
97 137 92
98 1 11
98 192 96
98 137 92
99 1 11
99 94 100
100 1 99
100 0 99
101 1 11
101 185 102
102 1 101
102 0 101
