# Format: <source_state_id> <instruction_id> <target_state_id>
0 0 1
10 33 26
10 32 27
10 31 28
10 39 29
10 26 30
26 1 10
26 0 60
27 1 10
27 0 59
28 1 10
28 0 58
29 1 10
29 0 57
30 39 31
30 33 32
30 32 33
30 31 34
30 105 35
30 51 10
31 1 30
31 0 56
32 1 30
32 0 55
33 1 30
33 0 54
34 1 30
34 0 53
35 39 36
35 33 37
35 32 38
35 31 39
35 105 40
35 51 10
36 1 35
36 0 52
37 1 35
37 0 51
38 1 35
38 0 50
39 1 35
39 0 49
40 39 41
40 33 42
40 32 43
40 31 44
40 105 30
40 51 10
41 1 40
41 0 48
42 1 40
42 0 47
43 1 40
43 0 46
44 1 40
44 0 45
45 1 40
46 1 40
47 1 40
48 1 40
49 1 35
50 1 35
51 1 35
52 1 35
53 1 30
54 1 30
55 1 30
56 1 30
57 1 10
58 1 10
59 1 10
60 1 10
