# Format: <source_state_id> <instruction_id> <target_state_id>
0 0 1
15 41 22
15 27 23
22 1 15
22 0 68
23 41 24
23 134 25
23 66 15
24 1 23
24 0 55
25 41 26
25 134 27
25 66 15
26 1 25
26 0 42
27 41 28
27 134 23
27 66 15
28 1 27
28 0 29
29 1 27
29 102 30
30 135 31
30 109 32
30 1 27
30 131 29
31 135 35
31 109 36
31 1 27
31 131 29
32 1 27
32 136 33
32 125 30
33 1 27
33 136 34
33 125 30
34 1 27
34 136 32
34 125 30
35 109 39
35 135 30
35 1 27
35 131 29
36 1 27
36 136 37
36 125 31
37 1 27
37 136 38
37 125 31
38 1 27
38 136 36
38 125 31
39 1 27
39 136 40
39 125 35
40 1 27
40 136 41
40 125 35
41 1 27
41 136 39
41 125 35
42 1 25
42 102 43
43 135 44
43 109 45
43 1 25
43 131 42
44 135 48
44 109 49
44 1 25
44 131 42
45 1 25
45 136 46
45 125 43
46 1 25
46 136 47
46 125 43
47 1 25
47 136 45
47 125 43
48 109 52
48 135 43
48 1 25
48 131 42
49 1 25
49 136 50
49 125 44
50 1 25
50 136 51
50 125 44
51 1 25
51 136 49
51 125 44
52 1 25
52 136 53
52 125 48
53 1 25
53 136 54
53 125 48
54 1 25
54 136 52
54 125 48
55 1 23
55 102 56
56 135 57
56 109 58
56 1 23
56 131 55
57 135 61
57 109 62
57 1 23
57 131 55
58 1 23
58 136 59
58 125 56
59 1 23
59 136 60
59 125 56
60 1 23
60 136 58
60 125 56
61 109 65
61 135 56
61 1 23
61 131 55
62 1 23
62 136 63
62 125 57
63 1 23
63 136 64
63 125 57
64 1 23
64 136 62
64 125 57
65 1 23
65 136 66
65 125 61
66 1 23
66 136 67
66 125 61
67 1 23
67 136 65
67 125 61
68 1 15
68 102 69
69 135 70
69 109 71
69 1 15
69 131 68
70 135 74
70 109 75
70 1 15
70 131 68
71 1 15
71 136 72
71 125 69
72 1 15
72 136 73
72 125 69
73 1 15
73 136 71
73 125 69
74 109 78
74 135 69
74 1 15
74 131 68
75 1 15
75 136 76
75 125 70
76 1 15
76 136 77
76 125 70
77 1 15
77 136 75
77 125 70
78 1 15
78 136 79
78 125 74
79 1 15
79 136 80
79 125 74
80 1 15
80 136 78
80 125 74
