# Format: <source_state_id> <instruction_id> <target_state_id>
0 0 1
18 51 24
18 49 25
18 37 26
18 32 27
24 1 18
24 0 98
25 1 18
25 0 85
26 1 18
26 0 84
27 51 28
27 49 29
27 37 30
27 158 31
27 72 18
28 1 27
28 0 83
29 1 27
29 0 70
30 1 27
30 0 69
31 51 32
31 49 33
31 37 34
31 158 35
31 72 18
32 1 31
32 0 68
33 1 31
33 0 55
34 1 31
34 0 54
35 51 36
35 49 37
35 37 38
35 158 27
35 72 18
36 1 35
36 0 53
37 1 35
37 0 40
38 1 35
38 0 39
39 1 35
40 1 35
40 108 41
41 1 35
41 159 42
41 115 43
41 137 40
42 1 35
42 159 46
42 115 47
42 137 40
43 160 44
43 1 35
43 131 41
44 160 45
44 1 35
44 131 41
45 160 43
45 1 35
45 131 41
46 1 35
46 115 50
46 159 41
46 137 40
47 160 48
47 1 35
47 131 42
48 160 49
48 1 35
48 131 42
49 160 47
49 1 35
49 131 42
50 160 51
50 1 35
50 131 46
51 160 52
51 1 35
51 131 46
52 160 50
52 1 35
52 131 46
53 1 35
54 1 31
55 1 31
55 108 56
56 1 31
56 159 57
56 115 58
56 137 55
57 1 31
57 159 61
57 115 62
57 137 55
58 160 59
58 1 31
58 131 56
59 160 60
59 1 31
59 131 56
60 160 58
60 1 31
60 131 56
61 1 31
61 115 65
61 159 56
61 137 55
62 160 63
62 1 31
62 131 57
63 160 64
63 1 31
63 131 57
64 160 62
64 1 31
64 131 57
65 160 66
65 1 31
65 131 61
66 160 67
66 1 31
66 131 61
67 160 65
67 1 31
67 131 61
68 1 31
69 1 27
70 1 27
70 108 71
71 1 27
71 159 72
71 115 73
71 137 70
72 1 27
72 159 76
72 115 77
72 137 70
73 160 74
73 1 27
73 131 71
74 160 75
74 1 27
74 131 71
75 160 73
75 1 27
75 131 71
76 1 27
76 115 80
76 159 71
76 137 70
77 160 78
77 1 27
77 131 72
78 160 79
78 1 27
78 131 72
79 160 77
79 1 27
79 131 72
80 160 81
80 1 27
80 131 76
81 160 82
81 1 27
81 131 76
82 160 80
82 1 27
82 131 76
83 1 27
84 1 18
85 1 18
85 108 86
86 1 18
86 159 87
86 115 88
86 137 85
87 1 18
87 159 91
87 115 92
87 137 85
88 160 89
88 1 18
88 131 86
89 160 90
89 1 18
89 131 86
90 160 88
90 1 18
90 131 86
91 1 18
91 115 95
91 159 86
91 137 85
92 160 93
92 1 18
92 131 87
93 160 94
93 1 18
93 131 87
94 160 92
94 1 18
94 131 87
95 160 96
95 1 18
95 131 91
96 160 97
96 1 18
96 131 91
97 160 95
97 1 18
97 131 91
98 1 18
