# Format: <source_state_id> <instruction_id> <target_state_id>
0 0 1
10 39 20
10 28 21
10 35 22
10 22 23
10 18 24
20 1 10
20 0 62
21 1 10
21 0 59
22 1 10
22 0 58
23 1 10
23 0 57
24 28 25
24 35 26
24 22 27
24 39 28
24 91 29
24 50 10
25 1 24
25 0 54
26 1 24
26 0 53
27 1 24
27 0 52
28 1 24
28 0 51
29 28 30
29 35 31
29 22 32
29 39 33
29 91 34
29 50 10
30 1 29
30 0 48
31 1 29
31 0 47
32 1 29
32 0 46
33 1 29
33 0 45
34 28 35
34 35 36
34 22 37
34 39 38
34 91 24
34 50 10
35 1 34
35 0 42
36 1 34
36 0 41
37 1 34
37 0 40
38 1 34
38 0 39
39 1 34
40 1 34
41 1 34
42 1 34
42 59 43
43 1 42
43 0 44
44 1 42
45 1 29
46 1 29
47 1 29
48 1 29
48 59 49
49 1 48
49 0 50
50 1 48
51 1 24
52 1 24
53 1 24
54 1 24
54 59 55
55 1 54
55 0 56
56 1 54
57 1 10
58 1 10
59 1 10
59 59 60
60 1 59
60 0 61
61 1 59
62 1 10
