# Format: <source_state_id> <instruction_id> <target_state_id>
0 0 1
10 35 22
10 24 23
22 1 10
22 0 68
23 35 24
23 129 25
23 55 10
24 1 23
24 0 55
25 35 26
25 129 27
25 55 10
26 1 25
26 0 42
27 35 28
27 129 23
27 55 10
28 1 27
28 0 29
29 1 27
29 75 30
30 1 27
30 82 32
30 130 31
30 104 29
31 1 27
31 82 36
31 130 35
31 104 29
32 1 27
32 131 33
32 98 30
33 1 27
33 131 34
33 98 30
34 1 27
34 131 32
34 98 30
35 1 27
35 82 39
35 130 30
35 104 29
36 1 27
36 131 37
36 98 31
37 1 27
37 131 38
37 98 31
38 1 27
38 131 36
38 98 31
39 1 27
39 131 40
39 98 35
40 1 27
40 131 41
40 98 35
41 1 27
41 131 39
41 98 35
42 1 25
42 75 43
43 1 25
43 82 45
43 130 44
43 104 42
44 1 25
44 82 49
44 130 48
44 104 42
45 1 25
45 131 46
45 98 43
46 1 25
46 131 47
46 98 43
47 1 25
47 131 45
47 98 43
48 1 25
48 82 52
48 130 43
48 104 42
49 1 25
49 131 50
49 98 44
50 1 25
50 131 51
50 98 44
51 1 25
51 131 49
51 98 44
52 1 25
52 131 53
52 98 48
53 1 25
53 131 54
53 98 48
54 1 25
54 131 52
54 98 48
55 1 23
55 75 56
56 1 23
56 82 58
56 130 57
56 104 55
57 1 23
57 82 62
57 130 61
57 104 55
58 1 23
58 131 59
58 98 56
59 1 23
59 131 60
59 98 56
60 1 23
60 131 58
60 98 56
61 1 23
61 82 65
61 130 56
61 104 55
62 1 23
62 131 63
62 98 57
63 1 23
63 131 64
63 98 57
64 1 23
64 131 62
64 98 57
65 1 23
65 131 66
65 98 61
66 1 23
66 131 67
66 98 61
67 1 23
67 131 65
67 98 61
68 1 10
68 75 69
69 1 10
69 82 71
69 130 70
69 104 68
70 1 10
70 82 75
70 130 74
70 104 68
71 1 10
71 131 72
71 98 69
72 1 10
72 131 73
72 98 69
73 1 10
73 131 71
73 98 69
74 1 10
74 82 78
74 130 69
74 104 68
75 1 10
75 131 76
75 98 70
76 1 10
76 131 77
76 98 70
77 1 10
77 131 75
77 98 70
78 1 10
78 131 79
78 98 74
79 1 10
79 131 80
79 98 74
80 1 10
80 131 78
80 98 74
