# Format: <source_state_id> <instruction_id> <target_state_id>
0 0 1
12 77 20
12 42 21
12 37 22
12 31 23
12 27 24
20 1 12
20 0 102
21 1 12
21 0 101
22 1 12
22 0 88
23 1 12
23 0 87
24 77 25
24 42 26
24 37 27
24 31 28
24 132 29
24 85 12
25 1 24
25 0 86
26 1 24
26 0 85
27 1 24
27 0 72
28 1 24
28 0 71
29 77 30
29 42 31
29 37 32
29 31 33
29 132 34
29 85 12
30 1 29
30 0 70
31 1 29
31 0 69
32 1 29
32 0 56
33 1 29
33 0 55
34 77 35
34 42 36
34 37 37
34 31 38
34 132 24
34 85 12
35 1 34
35 0 54
36 1 34
36 0 53
37 1 34
37 0 40
38 1 34
38 0 39
39 1 34
40 1 34
40 101 41
41 1 34
41 133 42
41 108 43
41 130 40
42 1 34
42 133 46
42 108 47
42 130 40
43 1 34
43 134 44
43 124 41
44 1 34
44 134 45
44 124 41
45 1 34
45 134 43
45 124 41
46 1 34
46 108 50
46 133 41
46 130 40
47 1 34
47 134 48
47 124 42
48 1 34
48 134 49
48 124 42
49 1 34
49 134 47
49 124 42
50 1 34
50 134 51
50 124 46
51 1 34
51 134 52
51 124 46
52 1 34
52 134 50
52 124 46
53 1 34
54 1 34
55 1 29
56 1 29
56 101 57
57 1 29
57 133 58
57 108 59
57 130 56
58 1 29
58 133 62
58 108 63
58 130 56
59 1 29
59 134 60
59 124 57
60 1 29
60 134 61
60 124 57
61 1 29
61 134 59
61 124 57
62 1 29
62 108 66
62 133 57
62 130 56
63 1 29
63 134 64
63 124 58
64 1 29
64 134 65
64 124 58
65 1 29
65 134 63
65 124 58
66 1 29
66 134 67
66 124 62
67 1 29
67 134 68
67 124 62
68 1 29
68 134 66
68 124 62
69 1 29
70 1 29
71 1 24
72 1 24
72 101 73
73 1 24
73 133 74
73 108 75
73 130 72
74 1 24
74 133 78
74 108 79
74 130 72
75 1 24
75 134 76
75 124 73
76 1 24
76 134 77
76 124 73
77 1 24
77 134 75
77 124 73
78 1 24
78 108 82
78 133 73
78 130 72
79 1 24
79 134 80
79 124 74
80 1 24
80 134 81
80 124 74
81 1 24
81 134 79
81 124 74
82 1 24
82 134 83
82 124 78
83 1 24
83 134 84
83 124 78
84 1 24
84 134 82
84 124 78
85 1 24
86 1 24
87 1 12
88 1 12
88 101 89
89 1 12
89 133 90
89 108 91
89 130 88
90 1 12
90 133 94
90 108 95
90 130 88
91 1 12
91 134 92
91 124 89
92 1 12
92 134 93
92 124 89
93 1 12
93 134 91
93 124 89
94 1 12
94 108 98
94 133 89
94 130 88
95 1 12
95 134 96
95 124 90
96 1 12
96 134 97
96 124 90
97 1 12
97 134 95
97 124 90
98 1 12
98 134 99
98 124 94
99 1 12
99 134 100
99 124 94
100 1 12
100 134 98
100 124 94
101 1 12
102 1 12
