# Format: <source_state_id> <instruction_id> <target_state_id>
0 0 1
11 67 20
11 64 21
11 51 22
11 37 23
11 33 24
20 1 11
20 0 54
21 1 11
21 0 53
22 1 11
22 0 52
23 1 11
23 0 51
24 67 25
24 64 26
24 51 27
24 37 28
24 86 29
24 75 11
25 1 24
25 0 50
26 1 24
26 0 49
27 1 24
27 0 48
28 1 24
28 0 47
29 67 30
29 64 31
29 51 32
29 37 33
29 86 34
29 75 11
30 1 29
30 0 46
31 1 29
31 0 45
32 1 29
32 0 44
33 1 29
33 0 43
34 67 35
34 64 36
34 51 37
34 37 38
34 86 24
34 75 11
35 1 34
35 0 42
36 1 34
36 0 41
37 1 34
37 0 40
38 1 34
38 0 39
39 1 34
40 1 34
41 1 34
42 1 34
43 1 29
44 1 29
45 1 29
46 1 29
47 1 24
48 1 24
49 1 24
50 1 24
51 1 11
52 1 11
53 1 11
54 1 11
