# Format: <source_state_id> <instruction_id> <target_state_id>
0 0 1
11 49 21
11 39 22
11 29 23
11 38 24
11 25 25
21 1 11
21 0 61
22 1 11
22 0 60
23 1 11
23 0 59
24 1 11
24 0 58
25 49 26
25 39 27
25 38 28
25 29 29
25 83 30
25 56 11
26 1 25
26 0 55
27 1 25
27 0 54
28 1 25
28 0 53
29 1 25
29 0 52
30 49 31
30 39 32
30 38 33
30 29 34
30 83 35
30 56 11
31 1 30
31 0 49
32 1 30
32 0 48
33 1 30
33 0 47
34 1 30
34 0 46
35 49 36
35 39 37
35 38 38
35 29 39
35 83 25
35 56 11
36 1 35
36 0 43
37 1 35
37 0 42
38 1 35
38 0 41
39 1 35
39 0 40
40 1 35
41 1 35
42 1 35
43 1 35
43 73 44
44 1 43
44 0 45
45 1 43
46 1 30
47 1 30
48 1 30
49 1 30
49 73 50
50 1 49
50 0 51
51 1 49
52 1 25
53 1 25
54 1 25
55 1 25
55 73 56
56 1 55
56 0 57
57 1 55
58 1 11
59 1 11
60 1 11
61 1 11
61 73 62
62 1 61
62 0 63
63 1 61
