# Format: <source_state_id> <instruction_id> <target_state_id>
0 0 1
11 32 22
11 18 23
22 1 11
22 0 68
23 32 24
23 116 25
23 51 11
24 1 23
24 0 55
25 32 26
25 116 27
25 51 11
26 1 25
26 0 42
27 32 28
27 116 23
27 51 11
28 1 27
28 0 29
29 1 27
29 67 30
30 1 27
30 117 31
30 74 32
30 96 29
31 1 27
31 117 35
31 74 36
31 96 29
32 1 27
32 118 33
32 90 30
33 1 27
33 118 34
33 90 30
34 1 27
34 118 32
34 90 30
35 1 27
35 74 39
35 117 30
35 96 29
36 1 27
36 118 37
36 90 31
37 1 27
37 118 38
37 90 31
38 1 27
38 118 36
38 90 31
39 1 27
39 118 40
39 90 35
40 1 27
40 118 41
40 90 35
41 1 27
41 118 39
41 90 35
42 1 25
42 67 43
43 1 25
43 117 44
43 74 45
43 96 42
44 1 25
44 117 48
44 74 49
44 96 42
45 1 25
45 118 46
45 90 43
46 1 25
46 118 47
46 90 43
47 1 25
47 118 45
47 90 43
48 1 25
48 74 52
48 117 43
48 96 42
49 1 25
49 118 50
49 90 44
50 1 25
50 118 51
50 90 44
51 1 25
51 118 49
51 90 44
52 1 25
52 118 53
52 90 48
53 1 25
53 118 54
53 90 48
54 1 25
54 118 52
54 90 48
55 1 23
55 67 56
56 1 23
56 117 57
56 74 58
56 96 55
57 1 23
57 117 61
57 74 62
57 96 55
58 1 23
58 118 59
58 90 56
59 1 23
59 118 60
59 90 56
60 1 23
60 118 58
60 90 56
61 1 23
61 74 65
61 117 56
61 96 55
62 1 23
62 118 63
62 90 57
63 1 23
63 118 64
63 90 57
64 1 23
64 118 62
64 90 57
65 1 23
65 118 66
65 90 61
66 1 23
66 118 67
66 90 61
67 1 23
67 118 65
67 90 61
68 1 11
68 67 69
69 1 11
69 117 70
69 74 71
69 96 68
70 1 11
70 117 74
70 74 75
70 96 68
71 1 11
71 118 72
71 90 69
72 1 11
72 118 73
72 90 69
73 1 11
73 118 71
73 90 69
74 1 11
74 74 78
74 117 69
74 96 68
75 1 11
75 118 76
75 90 70
76 1 11
76 118 77
76 90 70
77 1 11
77 118 75
77 90 70
78 1 11
78 118 79
78 90 74
79 1 11
79 118 80
79 90 74
80 1 11
80 118 78
80 90 74
