# Format: <source_state_id> <instruction_id> <target_state_id>
0 0 1
11 36 20
11 33 21
11 34 22
11 21 23
20 1 11
20 0 98
21 1 11
21 0 96
22 1 11
22 0 83
23 36 24
23 34 25
23 141 27
23 33 26
23 46 11
24 1 23
24 0 82
25 1 23
25 0 69
26 1 23
26 0 67
27 36 28
27 34 29
27 141 31
27 33 30
27 46 11
28 1 27
28 0 66
29 1 27
29 0 53
30 1 27
30 0 51
31 36 32
31 34 33
31 141 23
31 33 34
31 46 11
32 1 31
32 0 50
33 1 31
33 0 37
34 1 31
34 0 35
35 1 31
35 81 36
36 1 35
36 0 35
37 1 31
37 101 38
38 1 31
38 142 39
38 108 40
38 130 37
39 1 31
39 142 43
39 108 44
39 130 37
40 1 31
40 143 41
40 124 38
41 1 31
41 143 42
41 124 38
42 1 31
42 143 40
42 124 38
43 1 31
43 108 47
43 142 38
43 130 37
44 1 31
44 143 45
44 124 39
45 1 31
45 143 46
45 124 39
46 1 31
46 143 44
46 124 39
47 1 31
47 143 48
47 124 43
48 1 31
48 143 49
48 124 43
49 1 31
49 143 47
49 124 43
50 1 31
51 1 27
51 81 52
52 1 51
52 0 51
53 1 27
53 101 54
54 1 27
54 142 55
54 108 56
54 130 53
55 1 27
55 142 59
55 108 60
55 130 53
56 1 27
56 143 57
56 124 54
57 1 27
57 143 58
57 124 54
58 1 27
58 143 56
58 124 54
59 1 27
59 108 63
59 142 54
59 130 53
60 1 27
60 143 61
60 124 55
61 1 27
61 143 62
61 124 55
62 1 27
62 143 60
62 124 55
63 1 27
63 143 64
63 124 59
64 1 27
64 143 65
64 124 59
65 1 27
65 143 63
65 124 59
66 1 27
67 1 23
67 81 68
68 1 67
68 0 67
69 1 23
69 101 70
70 1 23
70 142 71
70 108 72
70 130 69
71 1 23
71 142 75
71 108 76
71 130 69
72 1 23
72 143 73
72 124 70
73 1 23
73 143 74
73 124 70
74 1 23
74 143 72
74 124 70
75 1 23
75 108 79
75 142 70
75 130 69
76 1 23
76 143 77
76 124 71
77 1 23
77 143 78
77 124 71
78 1 23
78 143 76
78 124 71
79 1 23
79 143 80
79 124 75
80 1 23
80 143 81
80 124 75
81 1 23
81 143 79
81 124 75
82 1 23
83 1 11
83 101 84
84 1 11
84 142 85
84 108 86
84 130 83
85 1 11
85 142 89
85 108 90
85 130 83
86 1 11
86 143 87
86 124 84
87 1 11
87 143 88
87 124 84
88 1 11
88 143 86
88 124 84
89 1 11
89 108 93
89 142 84
89 130 83
90 1 11
90 143 91
90 124 85
91 1 11
91 143 92
91 124 85
92 1 11
92 143 90
92 124 85
93 1 11
93 143 94
93 124 89
94 1 11
94 143 95
94 124 89
95 1 11
95 143 93
95 124 89
96 1 11
96 81 97
97 1 96
97 0 96
98 1 11
