# Format: <source_state_id> <instruction_id> <target_state_id>
0 0 1
12 33 20
12 23 21
12 31 22
12 18 23
20 1 12
20 0 94
21 1 12
21 0 93
22 1 12
22 0 80
23 33 24
23 31 26
23 96 27
23 23 25
23 49 12
24 1 23
24 0 79
25 1 23
25 0 78
26 1 23
26 0 65
27 33 28
27 31 30
27 96 31
27 23 29
27 49 12
28 1 27
28 0 64
29 1 27
29 0 63
30 1 27
30 0 50
31 33 32
31 31 34
31 96 23
31 23 33
31 49 12
32 1 31
32 0 49
33 1 31
33 0 48
34 1 31
34 0 35
35 1 31
35 65 36
36 1 31
36 97 37
36 72 38
36 94 35
37 1 31
37 97 41
37 72 42
37 94 35
38 1 31
38 98 39
38 88 36
39 1 31
39 98 40
39 88 36
40 1 31
40 98 38
40 88 36
41 1 31
41 72 45
41 97 36
41 94 35
42 1 31
42 98 43
42 88 37
43 1 31
43 98 44
43 88 37
44 1 31
44 98 42
44 88 37
45 1 31
45 98 46
45 88 41
46 1 31
46 98 47
46 88 41
47 1 31
47 98 45
47 88 41
48 1 31
49 1 31
50 1 27
50 65 51
51 1 27
51 97 52
51 72 53
51 94 50
52 1 27
52 97 56
52 72 57
52 94 50
53 1 27
53 98 54
53 88 51
54 1 27
54 98 55
54 88 51
55 1 27
55 98 53
55 88 51
56 1 27
56 72 60
56 97 51
56 94 50
57 1 27
57 98 58
57 88 52
58 1 27
58 98 59
58 88 52
59 1 27
59 98 57
59 88 52
60 1 27
60 98 61
60 88 56
61 1 27
61 98 62
61 88 56
62 1 27
62 98 60
62 88 56
63 1 27
64 1 27
65 1 23
65 65 66
66 1 23
66 97 67
66 72 68
66 94 65
67 1 23
67 97 71
67 72 72
67 94 65
68 1 23
68 98 69
68 88 66
69 1 23
69 98 70
69 88 66
70 1 23
70 98 68
70 88 66
71 1 23
71 72 75
71 97 66
71 94 65
72 1 23
72 98 73
72 88 67
73 1 23
73 98 74
73 88 67
74 1 23
74 98 72
74 88 67
75 1 23
75 98 76
75 88 71
76 1 23
76 98 77
76 88 71
77 1 23
77 98 75
77 88 71
78 1 23
79 1 23
80 1 12
80 65 81
81 1 12
81 97 82
81 72 83
81 94 80
82 1 12
82 97 86
82 72 87
82 94 80
83 1 12
83 98 84
83 88 81
84 1 12
84 98 85
84 88 81
85 1 12
85 98 83
85 88 81
86 1 12
86 72 90
86 97 81
86 94 80
87 1 12
87 98 88
87 88 82
88 1 12
88 98 89
88 88 82
89 1 12
89 98 87
89 88 82
90 1 12
90 98 91
90 88 86
91 1 12
91 98 92
91 88 86
92 1 12
92 98 90
92 88 86
93 1 12
94 1 12
