# Format: <source_state_id> <instruction_id> <target_state_id>
0 0 1
16 37 22
16 36 23
16 33 24
16 29 25
22 1 16
22 0 104
23 1 16
23 0 101
24 1 16
24 0 88
25 37 26
25 36 27
25 149 29
25 33 28
25 59 16
26 1 25
26 0 87
27 1 25
27 0 84
28 1 25
28 0 71
29 37 30
29 36 31
29 149 33
29 33 32
29 59 16
30 1 29
30 0 70
31 1 29
31 0 67
32 1 29
32 0 54
33 37 34
33 36 35
33 149 25
33 33 36
33 59 16
34 1 33
34 0 53
35 1 33
35 0 50
36 1 33
36 0 37
37 1 33
37 79 38
38 1 33
38 150 39
38 86 40
38 108 37
39 1 33
39 150 43
39 86 44
39 108 37
40 1 33
40 151 41
40 102 38
41 1 33
41 151 42
41 102 38
42 1 33
42 151 40
42 102 38
43 1 33
43 86 47
43 150 38
43 108 37
44 1 33
44 151 45
44 102 39
45 1 33
45 151 46
45 102 39
46 1 33
46 151 44
46 102 39
47 1 33
47 151 48
47 102 43
48 1 33
48 151 49
48 102 43
49 1 33
49 151 47
49 102 43
50 1 33
50 117 51
51 1 50
51 0 52
52 1 50
53 1 33
54 1 29
54 79 55
55 1 29
55 150 56
55 86 57
55 108 54
56 1 29
56 150 60
56 86 61
56 108 54
57 1 29
57 151 58
57 102 55
58 1 29
58 151 59
58 102 55
59 1 29
59 151 57
59 102 55
60 1 29
60 86 64
60 150 55
60 108 54
61 1 29
61 151 62
61 102 56
62 1 29
62 151 63
62 102 56
63 1 29
63 151 61
63 102 56
64 1 29
64 151 65
64 102 60
65 1 29
65 151 66
65 102 60
66 1 29
66 151 64
66 102 60
67 1 29
67 117 68
68 1 67
68 0 69
69 1 67
70 1 29
71 1 25
71 79 72
72 1 25
72 150 73
72 86 74
72 108 71
73 1 25
73 150 77
73 86 78
73 108 71
74 1 25
74 151 75
74 102 72
75 1 25
75 151 76
75 102 72
76 1 25
76 151 74
76 102 72
77 1 25
77 86 81
77 150 72
77 108 71
78 1 25
78 151 79
78 102 73
79 1 25
79 151 80
79 102 73
80 1 25
80 151 78
80 102 73
81 1 25
81 151 82
81 102 77
82 1 25
82 151 83
82 102 77
83 1 25
83 151 81
83 102 77
84 1 25
84 117 85
85 1 84
85 0 86
86 1 84
87 1 25
88 1 16
88 79 89
89 1 16
89 150 90
89 86 91
89 108 88
90 1 16
90 150 94
90 86 95
90 108 88
91 1 16
91 151 92
91 102 89
92 1 16
92 151 93
92 102 89
93 1 16
93 151 91
93 102 89
94 1 16
94 86 98
94 150 89
94 108 88
95 1 16
95 151 96
95 102 90
96 1 16
96 151 97
96 102 90
97 1 16
97 151 95
97 102 90
98 1 16
98 151 99
98 102 94
99 1 16
99 151 100
99 102 94
100 1 16
100 151 98
100 102 94
101 1 16
101 117 102
102 1 101
102 0 103
103 1 101
104 1 16
