# Format: <source_state_id> <instruction_id> <target_state_id>
0 0 1
10 32 21
10 25 22
21 1 10
21 0 67
22 32 23
22 119 24
22 64 10
23 1 22
23 0 54
24 32 25
24 119 26
24 64 10
25 1 24
25 0 41
26 32 27
26 119 22
26 64 10
27 1 26
27 0 28
28 1 26
28 80 29
29 1 26
29 120 30
29 87 31
29 109 28
30 1 26
30 120 34
30 87 35
30 109 28
31 1 26
31 121 32
31 103 29
32 1 26
32 121 33
32 103 29
33 1 26
33 121 31
33 103 29
34 1 26
34 87 38
34 120 29
34 109 28
35 1 26
35 121 36
35 103 30
36 1 26
36 121 37
36 103 30
37 1 26
37 121 35
37 103 30
38 1 26
38 121 39
38 103 34
39 1 26
39 121 40
39 103 34
40 1 26
40 121 38
40 103 34
41 1 24
41 80 42
42 1 24
42 120 43
42 87 44
42 109 41
43 1 24
43 120 47
43 87 48
43 109 41
44 1 24
44 121 45
44 103 42
45 1 24
45 121 46
45 103 42
46 1 24
46 121 44
46 103 42
47 1 24
47 87 51
47 120 42
47 109 41
48 1 24
48 121 49
48 103 43
49 1 24
49 121 50
49 103 43
50 1 24
50 121 48
50 103 43
51 1 24
51 121 52
51 103 47
52 1 24
52 121 53
52 103 47
53 1 24
53 121 51
53 103 47
54 1 22
54 80 55
55 1 22
55 120 56
55 87 57
55 109 54
56 1 22
56 120 60
56 87 61
56 109 54
57 1 22
57 121 58
57 103 55
58 1 22
58 121 59
58 103 55
59 1 22
59 121 57
59 103 55
60 1 22
60 87 64
60 120 55
60 109 54
61 1 22
61 121 62
61 103 56
62 1 22
62 121 63
62 103 56
63 1 22
63 121 61
63 103 56
64 1 22
64 121 65
64 103 60
65 1 22
65 121 66
65 103 60
66 1 22
66 121 64
66 103 60
67 1 10
67 80 68
68 1 10
68 120 69
68 87 70
68 109 67
69 1 10
69 120 73
69 87 74
69 109 67
70 1 10
70 121 71
70 103 68
71 1 10
71 121 72
71 103 68
72 1 10
72 121 70
72 103 68
73 1 10
73 87 77
73 120 68
73 109 67
74 1 10
74 121 75
74 103 69
75 1 10
75 121 76
75 103 69
76 1 10
76 121 74
76 103 69
77 1 10
77 121 78
77 103 73
78 1 10
78 121 79
78 103 73
79 1 10
79 121 77
79 103 73
