# Format: <source_state_id> <instruction_id> <target_state_id>
0 0 1
11 61 20
11 42 21
11 38 22
11 33 23
20 1 11
20 0 97
21 1 11
21 0 96
22 1 11
22 0 83
23 61 24
23 42 25
23 38 26
23 167 27
23 71 11
24 1 23
24 0 81
25 1 23
25 0 80
26 1 23
26 0 67
27 61 28
27 42 29
27 38 30
27 167 31
27 71 11
28 1 27
28 0 65
29 1 27
29 0 64
30 1 27
30 0 51
31 61 32
31 42 33
31 38 34
31 167 23
31 71 11
32 1 31
32 0 49
33 1 31
33 0 48
34 1 31
34 0 35
35 1 31
35 91 36
36 1 31
36 168 37
36 98 38
36 120 35
37 1 31
37 168 41
37 98 42
37 120 35
38 1 31
38 169 39
38 114 36
39 1 31
39 169 40
39 114 36
40 1 31
40 169 38
40 114 36
41 1 31
41 98 45
41 168 36
41 120 35
42 1 31
42 169 43
42 114 37
43 1 31
43 169 44
43 114 37
44 1 31
44 169 42
44 114 37
45 1 31
45 169 46
45 114 41
46 1 31
46 169 47
46 114 41
47 1 31
47 169 45
47 114 41
48 1 31
49 1 31
49 162 50
50 1 49
50 0 49
51 1 27
51 91 52
52 1 27
52 168 53
52 98 54
52 120 51
53 1 27
53 168 57
53 98 58
53 120 51
54 1 27
54 169 55
54 114 52
55 1 27
55 169 56
55 114 52
56 1 27
56 169 54
56 114 52
57 1 27
57 98 61
57 168 52
57 120 51
58 1 27
58 169 59
58 114 53
59 1 27
59 169 60
59 114 53
60 1 27
60 169 58
60 114 53
61 1 27
61 169 62
61 114 57
62 1 27
62 169 63
62 114 57
63 1 27
63 169 61
63 114 57
64 1 27
65 1 27
65 162 66
66 1 65
66 0 65
67 1 23
67 91 68
68 1 23
68 168 69
68 98 70
68 120 67
69 1 23
69 168 73
69 98 74
69 120 67
70 1 23
70 169 71
70 114 68
71 1 23
71 169 72
71 114 68
72 1 23
72 169 70
72 114 68
73 1 23
73 98 77
73 168 68
73 120 67
74 1 23
74 169 75
74 114 69
75 1 23
75 169 76
75 114 69
76 1 23
76 169 74
76 114 69
77 1 23
77 169 78
77 114 73
78 1 23
78 169 79
78 114 73
79 1 23
79 169 77
79 114 73
80 1 23
81 1 23
81 162 82
82 1 81
82 0 81
83 1 11
83 91 84
84 1 11
84 168 85
84 98 86
84 120 83
85 1 11
85 168 89
85 98 90
85 120 83
86 1 11
86 169 87
86 114 84
87 1 11
87 169 88
87 114 84
88 1 11
88 169 86
88 114 84
89 1 11
89 98 93
89 168 84
89 120 83
90 1 11
90 169 91
90 114 85
91 1 11
91 169 92
91 114 85
92 1 11
92 169 90
92 114 85
93 1 11
93 169 94
93 114 89
94 1 11
94 169 95
94 114 89
95 1 11
95 169 93
95 114 89
96 1 11
97 1 11
97 162 98
98 1 97
98 0 97
