# Format: <source_state_id> <instruction_id> <target_state_id>
0 0 1
12 49 21
12 42 22
12 31 23
12 27 24
21 1 12
21 0 47
22 1 12
22 0 46
23 1 12
23 0 45
24 49 25
24 42 26
24 76 28
24 31 27
24 57 12
25 1 24
25 0 44
26 1 24
26 0 43
27 1 24
27 0 42
28 49 29
28 42 30
28 76 32
28 31 31
28 57 12
29 1 28
29 0 41
30 1 28
30 0 40
31 1 28
31 0 39
32 49 33
32 42 34
32 76 24
32 31 35
32 57 12
33 1 32
33 0 38
34 1 32
34 0 37
35 1 32
35 0 36
36 1 32
37 1 32
38 1 32
39 1 28
40 1 28
41 1 28
42 1 24
43 1 24
44 1 24
45 1 12
46 1 12
47 1 12
