# Format: <source_state_id> <instruction_id> <target_state_id>
0 0 1
11 48 20
11 39 21
11 38 22
11 27 23
20 1 11
20 0 101
21 1 11
21 0 88
22 1 11
22 0 86
23 48 24
23 39 25
23 38 26
23 189 27
23 58 11
24 1 23
24 0 84
25 1 23
25 0 71
26 1 23
26 0 69
27 48 28
27 39 29
27 38 30
27 189 31
27 58 11
28 1 27
28 0 67
29 1 27
29 0 54
30 1 27
30 0 52
31 48 32
31 39 33
31 38 34
31 189 23
31 58 11
32 1 31
32 0 50
33 1 31
33 0 37
34 1 31
34 0 35
35 1 31
35 93 36
36 1 35
36 0 35
37 1 31
37 113 38
38 1 31
38 190 39
38 120 40
38 142 37
39 1 31
39 190 43
39 120 44
39 142 37
40 1 31
40 191 41
40 136 38
41 1 31
41 191 42
41 136 38
42 1 31
42 191 40
42 136 38
43 1 31
43 120 47
43 190 38
43 142 37
44 1 31
44 191 45
44 136 39
45 1 31
45 191 46
45 136 39
46 1 31
46 191 44
46 136 39
47 1 31
47 191 48
47 136 43
48 1 31
48 191 49
48 136 43
49 1 31
49 191 47
49 136 43
50 1 31
50 184 51
51 1 50
51 0 50
52 1 27
52 93 53
53 1 52
53 0 52
54 1 27
54 113 55
55 1 27
55 190 56
55 120 57
55 142 54
56 1 27
56 190 60
56 120 61
56 142 54
57 1 27
57 191 58
57 136 55
58 1 27
58 191 59
58 136 55
59 1 27
59 191 57
59 136 55
60 1 27
60 120 64
60 190 55
60 142 54
61 1 27
61 191 62
61 136 56
62 1 27
62 191 63
62 136 56
63 1 27
63 191 61
63 136 56
64 1 27
64 191 65
64 136 60
65 1 27
65 191 66
65 136 60
66 1 27
66 191 64
66 136 60
67 1 27
67 184 68
68 1 67
68 0 67
69 1 23
69 93 70
70 1 69
70 0 69
71 1 23
71 113 72
72 1 23
72 190 73
72 120 74
72 142 71
73 1 23
73 190 77
73 120 78
73 142 71
74 1 23
74 191 75
74 136 72
75 1 23
75 191 76
75 136 72
76 1 23
76 191 74
76 136 72
77 1 23
77 120 81
77 190 72
77 142 71
78 1 23
78 191 79
78 136 73
79 1 23
79 191 80
79 136 73
80 1 23
80 191 78
80 136 73
81 1 23
81 191 82
81 136 77
82 1 23
82 191 83
82 136 77
83 1 23
83 191 81
83 136 77
84 1 23
84 184 85
85 1 84
85 0 84
86 1 11
86 93 87
87 1 86
87 0 86
88 1 11
88 113 89
89 1 11
89 190 90
89 120 91
89 142 88
90 1 11
90 190 94
90 120 95
90 142 88
91 1 11
91 191 92
91 136 89
92 1 11
92 191 93
92 136 89
93 1 11
93 191 91
93 136 89
94 1 11
94 120 98
94 190 89
94 142 88
95 1 11
95 191 96
95 136 90
96 1 11
96 191 97
96 136 90
97 1 11
97 191 95
97 136 90
98 1 11
98 191 99
98 136 94
99 1 11
99 191 100
99 136 94
100 1 11
100 191 98
100 136 94
101 1 11
101 184 102
102 1 101
102 0 101
