# Format: <source_state_id> <instruction_id> <target_state_id>
0 0 1
9 28 20
9 26 21
9 25 22
9 23 23
9 18 24
20 1 9
20 0 54
21 1 9
21 0 53
22 1 9
22 0 52
23 1 9
23 0 51
24 28 25
24 26 26
24 25 27
24 23 28
24 84 29
24 35 9
25 1 24
25 0 50
26 1 24
26 0 49
27 1 24
27 0 48
28 1 24
28 0 47
29 28 30
29 26 31
29 25 32
29 23 33
29 84 34
29 35 9
30 1 29
30 0 46
31 1 29
31 0 45
32 1 29
32 0 44
33 1 29
33 0 43
34 28 35
34 26 36
34 25 37
34 23 38
34 84 24
34 35 9
35 1 34
35 0 42
36 1 34
36 0 41
37 1 34
37 0 40
38 1 34
38 0 39
39 1 34
40 1 34
41 1 34
42 1 34
43 1 29
44 1 29
45 1 29
46 1 29
47 1 24
48 1 24
49 1 24
50 1 24
51 1 9
52 1 9
53 1 9
54 1 9
