# Format: <source_state_id> <instruction_id> <target_state_id>
0 0 1
15 46 22
15 28 23
15 50 24
15 24 25
22 1 15
22 0 84
23 1 15
23 0 83
24 1 15
24 0 82
25 50 26
25 46 27
25 28 28
25 136 29
25 60 15
26 1 25
26 0 81
27 1 25
27 0 68
28 1 25
28 0 67
29 50 30
29 46 31
29 28 32
29 136 33
29 60 15
30 1 29
30 0 66
31 1 29
31 0 53
32 1 29
32 0 52
33 50 34
33 46 35
33 28 36
33 136 25
33 60 15
34 1 33
34 0 51
35 1 33
35 0 38
36 1 33
36 0 37
37 1 33
38 1 33
38 96 39
39 1 33
39 137 40
39 103 41
39 125 38
40 1 33
40 137 44
40 103 45
40 125 38
41 1 33
41 138 42
41 119 39
42 1 33
42 138 43
42 119 39
43 1 33
43 138 41
43 119 39
44 1 33
44 103 48
44 137 39
44 125 38
45 1 33
45 138 46
45 119 40
46 1 33
46 138 47
46 119 40
47 1 33
47 138 45
47 119 40
48 1 33
48 138 49
48 119 44
49 1 33
49 138 50
49 119 44
50 1 33
50 138 48
50 119 44
51 1 33
52 1 29
53 1 29
53 96 54
54 1 29
54 137 55
54 103 56
54 125 53
55 1 29
55 137 59
55 103 60
55 125 53
56 1 29
56 138 57
56 119 54
57 1 29
57 138 58
57 119 54
58 1 29
58 138 56
58 119 54
59 1 29
59 103 63
59 137 54
59 125 53
60 1 29
60 138 61
60 119 55
61 1 29
61 138 62
61 119 55
62 1 29
62 138 60
62 119 55
63 1 29
63 138 64
63 119 59
64 1 29
64 138 65
64 119 59
65 1 29
65 138 63
65 119 59
66 1 29
67 1 25
68 1 25
68 96 69
69 1 25
69 137 70
69 103 71
69 125 68
70 1 25
70 137 74
70 103 75
70 125 68
71 1 25
71 138 72
71 119 69
72 1 25
72 138 73
72 119 69
73 1 25
73 138 71
73 119 69
74 1 25
74 103 78
74 137 69
74 125 68
75 1 25
75 138 76
75 119 70
76 1 25
76 138 77
76 119 70
77 1 25
77 138 75
77 119 70
78 1 25
78 138 79
78 119 74
79 1 25
79 138 80
79 119 74
80 1 25
80 138 78
80 119 74
81 1 25
82 1 15
83 1 15
84 1 15
84 96 85
85 1 15
85 137 86
85 103 87
85 125 84
86 1 15
86 137 90
86 103 91
86 125 84
87 1 15
87 138 88
87 119 85
88 1 15
88 138 89
88 119 85
89 1 15
89 138 87
89 119 85
90 1 15
90 103 94
90 137 85
90 125 84
91 1 15
91 138 92
91 119 86
92 1 15
92 138 93
92 119 86
93 1 15
93 138 91
93 119 86
94 1 15
94 138 95
94 119 90
95 1 15
95 138 96
95 119 90
96 1 15
96 138 94
96 119 90
