# Format: <source_state_id> <instruction_id> <target_state_id>
0 0 1
16 44 21
16 55 22
16 42 23
16 39 24
16 28 25
16 24 26
21 1 16
21 0 99
22 1 16
22 0 98
23 1 16
23 0 97
24 1 16
24 0 96
25 1 16
25 0 95
26 44 27
26 55 28
26 42 29
26 39 30
26 28 31
26 139 32
26 63 16
27 1 26
27 0 82
28 1 26
28 0 81
29 1 26
29 0 80
30 1 26
30 0 79
31 1 26
31 0 78
32 44 33
32 55 34
32 42 35
32 39 36
32 28 37
32 139 38
32 63 16
33 1 32
33 0 65
34 1 32
34 0 64
35 1 32
35 0 63
36 1 32
36 0 62
37 1 32
37 0 61
38 44 39
38 55 40
38 42 41
38 39 42
38 28 43
38 139 26
38 63 16
39 1 38
39 0 48
40 1 38
40 0 47
41 1 38
41 0 46
42 1 38
42 0 45
43 1 38
43 0 44
44 1 38
45 1 38
46 1 38
47 1 38
48 1 38
48 99 49
49 1 38
49 140 50
49 106 51
49 128 48
50 1 38
50 140 54
50 106 55
50 128 48
51 1 38
51 141 52
51 122 49
52 1 38
52 141 53
52 122 49
53 1 38
53 141 51
53 122 49
54 1 38
54 106 58
54 140 49
54 128 48
55 1 38
55 141 56
55 122 50
56 1 38
56 141 57
56 122 50
57 1 38
57 141 55
57 122 50
58 1 38
58 141 59
58 122 54
59 1 38
59 141 60
59 122 54
60 1 38
60 141 58
60 122 54
61 1 32
62 1 32
63 1 32
64 1 32
65 1 32
65 99 66
66 1 32
66 140 67
66 106 68
66 128 65
67 1 32
67 140 71
67 106 72
67 128 65
68 1 32
68 141 69
68 122 66
69 1 32
69 141 70
69 122 66
70 1 32
70 141 68
70 122 66
71 1 32
71 106 75
71 140 66
71 128 65
72 1 32
72 141 73
72 122 67
73 1 32
73 141 74
73 122 67
74 1 32
74 141 72
74 122 67
75 1 32
75 141 76
75 122 71
76 1 32
76 141 77
76 122 71
77 1 32
77 141 75
77 122 71
78 1 26
79 1 26
80 1 26
81 1 26
82 1 26
82 99 83
83 1 26
83 140 84
83 106 85
83 128 82
84 1 26
84 140 88
84 106 89
84 128 82
85 1 26
85 141 86
85 122 83
86 1 26
86 141 87
86 122 83
87 1 26
87 141 85
87 122 83
88 1 26
88 106 92
88 140 83
88 128 82
89 1 26
89 141 90
89 122 84
90 1 26
90 141 91
90 122 84
91 1 26
91 141 89
91 122 84
92 1 26
92 141 93
92 122 88
93 1 26
93 141 94
93 122 88
94 1 26
94 141 92
94 122 88
95 1 16
96 1 16
97 1 16
98 1 16
99 1 16
99 99 100
100 1 16
100 140 101
100 106 102
100 128 99
101 1 16
101 140 105
101 106 106
101 128 99
102 1 16
102 141 103
102 122 100
103 1 16
103 141 104
103 122 100
104 1 16
104 141 102
104 122 100
105 1 16
105 106 109
105 140 100
105 128 99
106 1 16
106 141 107
106 122 101
107 1 16
107 141 108
107 122 101
108 1 16
108 141 106
108 122 101
109 1 16
109 141 110
109 122 105
110 1 16
110 141 111
110 122 105
111 1 16
111 141 109
111 122 105
