# Format: <source_state_id> <instruction_id> <target_state_id>
0 0 1
14 37 21
14 36 22
14 34 23
14 29 24
14 25 25
21 1 14
21 0 103
22 1 14
22 0 102
23 1 14
23 0 89
24 1 14
24 0 88
25 37 26
25 36 27
25 34 28
25 29 29
25 131 30
25 71 14
26 1 25
26 0 87
27 1 25
27 0 86
28 1 25
28 0 73
29 1 25
29 0 72
30 37 31
30 36 32
30 34 33
30 29 34
30 131 35
30 71 14
31 1 30
31 0 71
32 1 30
32 0 70
33 1 30
33 0 57
34 1 30
34 0 56
35 37 36
35 36 37
35 34 38
35 29 39
35 131 25
35 71 14
36 1 35
36 0 55
37 1 35
37 0 54
38 1 35
38 0 41
39 1 35
39 0 40
40 1 35
41 1 35
41 91 42
42 1 35
42 132 43
42 98 44
42 120 41
43 1 35
43 132 47
43 98 48
43 120 41
44 1 35
44 133 45
44 114 42
45 1 35
45 133 46
45 114 42
46 1 35
46 133 44
46 114 42
47 1 35
47 98 51
47 132 42
47 120 41
48 1 35
48 133 49
48 114 43
49 1 35
49 133 50
49 114 43
50 1 35
50 133 48
50 114 43
51 1 35
51 133 52
51 114 47
52 1 35
52 133 53
52 114 47
53 1 35
53 133 51
53 114 47
54 1 35
55 1 35
56 1 30
57 1 30
57 91 58
58 1 30
58 132 59
58 98 60
58 120 57
59 1 30
59 132 63
59 98 64
59 120 57
60 1 30
60 133 61
60 114 58
61 1 30
61 133 62
61 114 58
62 1 30
62 133 60
62 114 58
63 1 30
63 98 67
63 132 58
63 120 57
64 1 30
64 133 65
64 114 59
65 1 30
65 133 66
65 114 59
66 1 30
66 133 64
66 114 59
67 1 30
67 133 68
67 114 63
68 1 30
68 133 69
68 114 63
69 1 30
69 133 67
69 114 63
70 1 30
71 1 30
72 1 25
73 1 25
73 91 74
74 1 25
74 132 75
74 98 76
74 120 73
75 1 25
75 132 79
75 98 80
75 120 73
76 1 25
76 133 77
76 114 74
77 1 25
77 133 78
77 114 74
78 1 25
78 133 76
78 114 74
79 1 25
79 98 83
79 132 74
79 120 73
80 1 25
80 133 81
80 114 75
81 1 25
81 133 82
81 114 75
82 1 25
82 133 80
82 114 75
83 1 25
83 133 84
83 114 79
84 1 25
84 133 85
84 114 79
85 1 25
85 133 83
85 114 79
86 1 25
87 1 25
88 1 14
89 1 14
89 91 90
90 1 14
90 132 91
90 98 92
90 120 89
91 1 14
91 132 95
91 98 96
91 120 89
92 1 14
92 133 93
92 114 90
93 1 14
93 133 94
93 114 90
94 1 14
94 133 92
94 114 90
95 1 14
95 98 99
95 132 90
95 120 89
96 1 14
96 133 97
96 114 91
97 1 14
97 133 98
97 114 91
98 1 14
98 133 96
98 114 91
99 1 14
99 133 100
99 114 95
100 1 14
100 133 101
100 114 95
101 1 14
101 133 99
101 114 95
102 1 14
103 1 14
