# Format: <source_state_id> <instruction_id> <target_state_id>
0 0 1
12 25 20
20 31 21
20 89 22
20 50 23
20 86 12
21 90 39
21 46 20
22 31 26
22 89 27
22 50 28
22 86 12
23 91 24
23 66 20
24 91 25
24 66 20
25 91 23
25 66 20
26 90 37
26 46 22
27 31 31
27 50 32
27 89 20
27 86 12
28 91 29
28 66 22
29 91 30
29 66 22
30 91 28
30 66 22
31 90 35
31 46 27
32 91 33
32 66 27
33 91 34
33 66 27
34 91 32
34 66 27
35 90 36
35 46 27
36 90 31
36 46 27
37 90 38
37 46 22
38 90 26
38 46 22
39 90 40
39 46 20
40 90 21
40 46 20
