# Format: <source_state_id> <instruction_id> <target_state_id>
0 0 1
12 25 20
20 31 21
20 95 22
20 56 23
20 92 12
21 96 39
21 45 20
22 31 26
22 95 27
22 56 28
22 92 12
23 97 24
23 72 20
24 97 25
24 72 20
25 97 23
25 72 20
26 96 37
26 45 22
27 31 31
27 56 32
27 95 20
27 92 12
28 97 29
28 72 22
29 97 30
29 72 22
30 97 28
30 72 22
31 96 35
31 45 27
32 97 33
32 72 27
33 97 34
33 72 27
34 97 32
34 72 27
35 96 36
35 45 27
36 96 31
36 45 27
37 96 38
37 45 22
38 96 26
38 45 22
39 96 40
39 45 20
40 96 21
40 45 20
