# Format: <source_state_id> <instruction_id> <target_state_id>
0 0 1
13 60 20
13 52 21
13 42 22
13 28 23
13 24 24
20 1 13
20 0 106
21 1 13
21 0 104
22 1 13
22 0 91
23 1 13
23 0 90
24 60 25
24 52 26
24 42 27
24 163 29
24 28 28
24 67 13
25 1 24
25 0 89
26 1 24
26 0 87
27 1 24
27 0 74
28 1 24
28 0 73
29 60 30
29 52 31
29 42 32
29 163 34
29 28 33
29 67 13
30 1 29
30 0 72
31 1 29
31 0 70
32 1 29
32 0 57
33 1 29
33 0 56
34 60 35
34 52 36
34 42 37
34 163 24
34 28 38
34 67 13
35 1 34
35 0 55
36 1 34
36 0 53
37 1 34
37 0 40
38 1 34
38 0 39
39 1 34
40 1 34
40 87 41
41 1 34
41 164 42
41 94 43
41 116 40
42 1 34
42 164 46
42 94 47
42 116 40
43 1 34
43 165 44
43 110 41
44 1 34
44 165 45
44 110 41
45 1 34
45 165 43
45 110 41
46 1 34
46 94 50
46 164 41
46 116 40
47 1 34
47 165 48
47 110 42
48 1 34
48 165 49
48 110 42
49 1 34
49 165 47
49 110 42
50 1 34
50 165 51
50 110 46
51 1 34
51 165 52
51 110 46
52 1 34
52 165 50
52 110 46
53 1 34
53 158 54
54 1 53
54 0 53
55 1 34
56 1 29
57 1 29
57 87 58
58 1 29
58 164 59
58 94 60
58 116 57
59 1 29
59 164 63
59 94 64
59 116 57
60 1 29
60 165 61
60 110 58
61 1 29
61 165 62
61 110 58
62 1 29
62 165 60
62 110 58
63 1 29
63 94 67
63 164 58
63 116 57
64 1 29
64 165 65
64 110 59
65 1 29
65 165 66
65 110 59
66 1 29
66 165 64
66 110 59
67 1 29
67 165 68
67 110 63
68 1 29
68 165 69
68 110 63
69 1 29
69 165 67
69 110 63
70 1 29
70 158 71
71 1 70
71 0 70
72 1 29
73 1 24
74 1 24
74 87 75
75 1 24
75 164 76
75 94 77
75 116 74
76 1 24
76 164 80
76 94 81
76 116 74
77 1 24
77 165 78
77 110 75
78 1 24
78 165 79
78 110 75
79 1 24
79 165 77
79 110 75
80 1 24
80 94 84
80 164 75
80 116 74
81 1 24
81 165 82
81 110 76
82 1 24
82 165 83
82 110 76
83 1 24
83 165 81
83 110 76
84 1 24
84 165 85
84 110 80
85 1 24
85 165 86
85 110 80
86 1 24
86 165 84
86 110 80
87 1 24
87 158 88
88 1 87
88 0 87
89 1 24
90 1 13
91 1 13
91 87 92
92 1 13
92 164 93
92 94 94
92 116 91
93 1 13
93 164 97
93 94 98
93 116 91
94 1 13
94 165 95
94 110 92
95 1 13
95 165 96
95 110 92
96 1 13
96 165 94
96 110 92
97 1 13
97 94 101
97 164 92
97 116 91
98 1 13
98 165 99
98 110 93
99 1 13
99 165 100
99 110 93
100 1 13
100 165 98
100 110 93
101 1 13
101 165 102
101 110 97
102 1 13
102 165 103
102 110 97
103 1 13
103 165 101
103 110 97
104 1 13
104 158 105
105 1 104
105 0 104
106 1 13
