# Format: <source_state_id> <instruction_id> <target_state_id>
0 0 1
9 39 20
9 36 21
9 25 22
9 21 23
20 1 9
20 0 46
21 1 9
21 0 45
22 1 9
22 0 44
23 36 24
23 25 25
23 39 26
23 65 27
23 46 9
24 1 23
24 0 43
25 1 23
25 0 42
26 1 23
26 0 41
27 36 28
27 25 29
27 39 30
27 65 31
27 46 9
28 1 27
28 0 40
29 1 27
29 0 39
30 1 27
30 0 38
31 36 32
31 25 33
31 39 34
31 65 23
31 46 9
32 1 31
32 0 37
33 1 31
33 0 36
34 1 31
34 0 35
35 1 31
36 1 31
37 1 31
38 1 27
39 1 27
40 1 27
41 1 23
42 1 23
43 1 23
44 1 9
45 1 9
46 1 9
