# Format: <source_state_id> <instruction_id> <target_state_id>
0 0 1
12 33 22
12 31 23
12 35 24
12 22 25
22 1 12
22 0 48
23 1 12
23 0 47
24 1 12
24 0 46
25 35 26
25 33 27
25 31 28
25 97 29
25 56 12
26 1 25
26 0 45
27 1 25
27 0 44
28 1 25
28 0 43
29 35 30
29 33 31
29 31 32
29 97 33
29 56 12
30 1 29
30 0 42
31 1 29
31 0 41
32 1 29
32 0 40
33 35 34
33 33 35
33 31 36
33 97 25
33 56 12
34 1 33
34 0 39
35 1 33
35 0 38
36 1 33
36 0 37
37 1 33
38 1 33
39 1 33
40 1 29
41 1 29
42 1 29
43 1 25
44 1 25
45 1 25
46 1 12
47 1 12
48 1 12
