# Format: <source_state_id> <instruction_id> <target_state_id>
0 0 1
14 39 22
14 41 23
14 28 24
22 1 14
22 0 76
23 1 14
23 0 75
24 39 25
24 41 26
24 132 27
24 62 14
25 1 24
25 0 62
26 1 24
26 0 61
27 39 28
27 41 29
27 132 30
27 62 14
28 1 27
28 0 48
29 1 27
29 0 47
30 39 31
30 41 32
30 132 24
30 62 14
31 1 30
31 0 34
32 1 30
32 0 33
33 1 30
34 1 30
34 82 35
35 1 30
35 133 36
35 89 37
35 111 34
36 1 30
36 133 40
36 89 41
36 111 34
37 134 38
37 1 30
37 105 35
38 134 39
38 1 30
38 105 35
39 134 37
39 1 30
39 105 35
40 1 30
40 89 44
40 133 35
40 111 34
41 134 42
41 1 30
41 105 36
42 134 43
42 1 30
42 105 36
43 134 41
43 1 30
43 105 36
44 134 45
44 1 30
44 105 40
45 134 46
45 1 30
45 105 40
46 134 44
46 1 30
46 105 40
47 1 27
48 1 27
48 82 49
49 1 27
49 133 50
49 89 51
49 111 48
50 1 27
50 133 54
50 89 55
50 111 48
51 134 52
51 1 27
51 105 49
52 134 53
52 1 27
52 105 49
53 134 51
53 1 27
53 105 49
54 1 27
54 89 58
54 133 49
54 111 48
55 134 56
55 1 27
55 105 50
56 134 57
56 1 27
56 105 50
57 134 55
57 1 27
57 105 50
58 134 59
58 1 27
58 105 54
59 134 60
59 1 27
59 105 54
60 134 58
60 1 27
60 105 54
61 1 24
62 1 24
62 82 63
63 1 24
63 133 64
63 89 65
63 111 62
64 1 24
64 133 68
64 89 69
64 111 62
65 134 66
65 1 24
65 105 63
66 134 67
66 1 24
66 105 63
67 134 65
67 1 24
67 105 63
68 1 24
68 89 72
68 133 63
68 111 62
69 134 70
69 1 24
69 105 64
70 134 71
70 1 24
70 105 64
71 134 69
71 1 24
71 105 64
72 134 73
72 1 24
72 105 68
73 134 74
73 1 24
73 105 68
74 134 72
74 1 24
74 105 68
75 1 14
76 1 14
76 82 77
77 1 14
77 133 78
77 89 79
77 111 76
78 1 14
78 133 82
78 89 83
78 111 76
79 134 80
79 1 14
79 105 77
80 134 81
80 1 14
80 105 77
81 134 79
81 1 14
81 105 77
82 1 14
82 89 86
82 133 77
82 111 76
83 134 84
83 1 14
83 105 78
84 134 85
84 1 14
84 105 78
85 134 83
85 1 14
85 105 78
86 134 87
86 1 14
86 105 82
87 134 88
87 1 14
87 105 82
88 134 86
88 1 14
88 105 82
