# Format: <source_state_id> <instruction_id> <target_state_id>
0 0 1
11 54 21
11 46 22
11 45 23
11 37 24
11 29 25
21 1 11
21 0 55
22 1 11
22 0 54
23 1 11
23 0 53
24 1 11
24 0 52
25 46 26
25 45 27
25 37 28
25 54 29
25 80 30
25 61 11
26 1 25
26 0 51
27 1 25
27 0 50
28 1 25
28 0 49
29 1 25
29 0 48
30 46 31
30 45 32
30 37 33
30 54 34
30 80 35
30 61 11
31 1 30
31 0 47
32 1 30
32 0 46
33 1 30
33 0 45
34 1 30
34 0 44
35 46 36
35 45 37
35 37 38
35 54 39
35 80 25
35 61 11
36 1 35
36 0 43
37 1 35
37 0 42
38 1 35
38 0 41
39 1 35
39 0 40
40 1 35
41 1 35
42 1 35
43 1 35
44 1 30
45 1 30
46 1 30
47 1 30
48 1 25
49 1 25
50 1 25
51 1 25
52 1 11
53 1 11
54 1 11
55 1 11
