# Format: <source_state_id> <instruction_id> <target_state_id>
0 0 1
11 38 20
11 34 21
11 30 22
20 1 11
20 0 86
21 1 11
21 0 73
22 38 23
22 34 24
22 126 25
22 74 11
23 1 22
23 0 72
24 1 22
24 0 59
25 38 26
25 34 27
25 126 28
25 74 11
26 1 25
26 0 58
27 1 25
27 0 45
28 38 29
28 34 30
28 126 22
28 74 11
29 1 28
29 0 44
30 1 28
30 0 31
31 1 28
31 94 32
32 1 28
32 127 33
32 101 34
32 123 31
33 1 28
33 127 37
33 101 38
33 123 31
34 1 28
34 128 35
34 117 32
35 1 28
35 128 36
35 117 32
36 1 28
36 128 34
36 117 32
37 1 28
37 101 41
37 127 32
37 123 31
38 1 28
38 128 39
38 117 33
39 1 28
39 128 40
39 117 33
40 1 28
40 128 38
40 117 33
41 1 28
41 128 42
41 117 37
42 1 28
42 128 43
42 117 37
43 1 28
43 128 41
43 117 37
44 1 28
45 1 25
45 94 46
46 1 25
46 127 47
46 101 48
46 123 45
47 1 25
47 127 51
47 101 52
47 123 45
48 1 25
48 128 49
48 117 46
49 1 25
49 128 50
49 117 46
50 1 25
50 128 48
50 117 46
51 1 25
51 101 55
51 127 46
51 123 45
52 1 25
52 128 53
52 117 47
53 1 25
53 128 54
53 117 47
54 1 25
54 128 52
54 117 47
55 1 25
55 128 56
55 117 51
56 1 25
56 128 57
56 117 51
57 1 25
57 128 55
57 117 51
58 1 25
59 1 22
59 94 60
60 1 22
60 127 61
60 101 62
60 123 59
61 1 22
61 127 65
61 101 66
61 123 59
62 1 22
62 128 63
62 117 60
63 1 22
63 128 64
63 117 60
64 1 22
64 128 62
64 117 60
65 1 22
65 101 69
65 127 60
65 123 59
66 1 22
66 128 67
66 117 61
67 1 22
67 128 68
67 117 61
68 1 22
68 128 66
68 117 61
69 1 22
69 128 70
69 117 65
70 1 22
70 128 71
70 117 65
71 1 22
71 128 69
71 117 65
72 1 22
73 1 11
73 94 74
74 1 11
74 127 75
74 101 76
74 123 73
75 1 11
75 127 79
75 101 80
75 123 73
76 1 11
76 128 77
76 117 74
77 1 11
77 128 78
77 117 74
78 1 11
78 128 76
78 117 74
79 1 11
79 101 83
79 127 74
79 123 73
80 1 11
80 128 81
80 117 75
81 1 11
81 128 82
81 117 75
82 1 11
82 128 80
82 117 75
83 1 11
83 128 84
83 117 79
84 1 11
84 128 85
84 117 79
85 1 11
85 128 83
85 117 79
86 1 11
