# Format: <source_state_id> <instruction_id> <target_state_id>
0 0 1
13 92 20
13 79 21
13 34 22
13 30 23
20 1 13
20 0 265
21 1 13
21 0 252
22 1 13
22 0 251
23 92 24
23 79 25
23 45 28
23 34 26
23 151 27
23 99 13
24 1 23
24 0 250
25 1 23
25 0 237
26 1 23
26 0 236
27 92 85
27 79 86
27 45 89
27 34 87
27 151 88
27 99 13
28 92 29
28 79 30
28 152 32
28 34 31
28 60 23
29 1 28
29 0 84
30 1 28
30 0 71
31 1 28
31 0 70
32 92 33
32 79 34
32 152 36
32 34 35
32 60 23
33 1 32
33 0 69
34 1 32
34 0 56
35 1 32
35 0 55
36 92 37
36 79 38
36 152 28
36 34 39
36 60 23
37 1 36
37 0 54
38 1 36
38 0 41
39 1 36
39 0 40
40 1 36
41 1 36
41 119 42
42 1 36
42 154 43
42 126 44
42 148 41
43 1 36
43 154 47
43 126 48
43 148 41
44 1 36
44 155 45
44 142 42
45 1 36
45 155 46
45 142 42
46 1 36
46 155 44
46 142 42
47 1 36
47 126 51
47 154 42
47 148 41
48 1 36
48 155 49
48 142 43
49 1 36
49 155 50
49 142 43
50 1 36
50 155 48
50 142 43
51 1 36
51 155 52
51 142 47
52 1 36
52 155 53
52 142 47
53 1 36
53 155 51
53 142 47
54 1 36
55 1 32
56 1 32
56 119 57
57 1 32
57 154 58
57 126 59
57 148 56
58 1 32
58 154 62
58 126 63
58 148 56
59 1 32
59 155 60
59 142 57
60 1 32
60 155 61
60 142 57
61 1 32
61 155 59
61 142 57
62 1 32
62 126 66
62 154 57
62 148 56
63 1 32
63 155 64
63 142 58
64 1 32
64 155 65
64 142 58
65 1 32
65 155 63
65 142 58
66 1 32
66 155 67
66 142 62
67 1 32
67 155 68
67 142 62
68 1 32
68 155 66
68 142 62
69 1 32
70 1 28
71 1 28
71 119 72
72 1 28
72 154 73
72 126 74
72 148 71
73 1 28
73 154 77
73 126 78
73 148 71
74 1 28
74 155 75
74 142 72
75 1 28
75 155 76
75 142 72
76 1 28
76 155 74
76 142 72
77 1 28
77 126 81
77 154 72
77 148 71
78 1 28
78 155 79
78 142 73
79 1 28
79 155 80
79 142 73
80 1 28
80 155 78
80 142 73
81 1 28
81 155 82
81 142 77
82 1 28
82 155 83
82 142 77
83 1 28
83 155 81
83 142 77
84 1 28
85 1 27
85 0 235
86 1 27
86 0 222
87 1 27
87 0 221
88 92 146
88 79 147
88 45 149
88 34 148
88 151 23
88 99 13
89 92 90
89 79 91
89 152 93
89 34 92
89 60 27
90 1 89
90 0 145
91 1 89
91 0 132
92 1 89
92 0 131
93 92 94
93 79 95
93 152 97
93 34 96
93 60 27
94 1 93
94 0 130
95 1 93
95 0 117
96 1 93
96 0 116
97 92 98
97 79 99
97 152 89
97 34 100
97 60 27
98 1 97
98 0 115
99 1 97
99 0 102
100 1 97
100 0 101
101 1 97
102 1 97
102 119 103
103 1 97
103 154 104
103 126 105
103 148 102
104 1 97
104 154 108
104 126 109
104 148 102
105 1 97
105 155 106
105 142 103
106 1 97
106 155 107
106 142 103
107 1 97
107 155 105
107 142 103
108 1 97
108 126 112
108 154 103
108 148 102
109 1 97
109 155 110
109 142 104
110 1 97
110 155 111
110 142 104
111 1 97
111 155 109
111 142 104
112 1 97
112 155 113
112 142 108
113 1 97
113 155 114
113 142 108
114 1 97
114 155 112
114 142 108
115 1 97
116 1 93
117 1 93
117 119 118
118 1 93
118 154 119
118 126 120
118 148 117
119 1 93
119 154 123
119 126 124
119 148 117
120 1 93
120 155 121
120 142 118
121 1 93
121 155 122
121 142 118
122 1 93
122 155 120
122 142 118
123 1 93
123 126 127
123 154 118
123 148 117
124 1 93
124 155 125
124 142 119
125 1 93
125 155 126
125 142 119
126 1 93
126 155 124
126 142 119
127 1 93
127 155 128
127 142 123
128 1 93
128 155 129
128 142 123
129 1 93
129 155 127
129 142 123
130 1 93
131 1 89
132 1 89
132 119 133
133 1 89
133 154 134
133 126 135
133 148 132
134 1 89
134 154 138
134 126 139
134 148 132
135 1 89
135 155 136
135 142 133
136 1 89
136 155 137
136 142 133
137 1 89
137 155 135
137 142 133
138 1 89
138 126 142
138 154 133
138 148 132
139 1 89
139 155 140
139 142 134
140 1 89
140 155 141
140 142 134
141 1 89
141 155 139
141 142 134
142 1 89
142 155 143
142 142 138
143 1 89
143 155 144
143 142 138
144 1 89
144 155 142
144 142 138
145 1 89
146 1 88
146 0 220
147 1 88
147 0 207
148 1 88
148 0 206
149 92 150
149 79 151
149 152 153
149 34 152
149 60 88
150 1 149
150 0 205
151 1 149
151 0 192
152 1 149
152 0 191
153 92 154
153 79 155
153 152 157
153 34 156
153 60 88
154 1 153
154 0 190
155 1 153
155 0 177
156 1 153
156 0 176
157 92 158
157 79 159
157 152 149
157 34 160
157 60 88
158 1 157
158 0 175
159 1 157
159 0 162
160 1 157
160 0 161
161 1 157
162 1 157
162 119 163
163 1 157
163 154 164
163 126 165
163 148 162
164 1 157
164 154 168
164 126 169
164 148 162
165 1 157
165 155 166
165 142 163
166 1 157
166 155 167
166 142 163
167 1 157
167 155 165
167 142 163
168 1 157
168 126 172
168 154 163
168 148 162
169 1 157
169 155 170
169 142 164
170 1 157
170 155 171
170 142 164
171 1 157
171 155 169
171 142 164
172 1 157
172 155 173
172 142 168
173 1 157
173 155 174
173 142 168
174 1 157
174 155 172
174 142 168
175 1 157
176 1 153
177 1 153
177 119 178
178 1 153
178 154 179
178 126 180
178 148 177
179 1 153
179 154 183
179 126 184
179 148 177
180 1 153
180 155 181
180 142 178
181 1 153
181 155 182
181 142 178
182 1 153
182 155 180
182 142 178
183 1 153
183 126 187
183 154 178
183 148 177
184 1 153
184 155 185
184 142 179
185 1 153
185 155 186
185 142 179
186 1 153
186 155 184
186 142 179
187 1 153
187 155 188
187 142 183
188 1 153
188 155 189
188 142 183
189 1 153
189 155 187
189 142 183
190 1 153
191 1 149
192 1 149
192 119 193
193 1 149
193 154 194
193 126 195
193 148 192
194 1 149
194 154 198
194 126 199
194 148 192
195 1 149
195 155 196
195 142 193
196 1 149
196 155 197
196 142 193
197 1 149
197 155 195
197 142 193
198 1 149
198 126 202
198 154 193
198 148 192
199 1 149
199 155 200
199 142 194
200 1 149
200 155 201
200 142 194
201 1 149
201 155 199
201 142 194
202 1 149
202 155 203
202 142 198
203 1 149
203 155 204
203 142 198
204 1 149
204 155 202
204 142 198
205 1 149
206 1 88
207 1 88
207 119 208
208 1 88
208 154 209
208 126 210
208 148 207
209 1 88
209 154 213
209 126 214
209 148 207
210 1 88
210 155 211
210 142 208
211 1 88
211 155 212
211 142 208
212 1 88
212 155 210
212 142 208
213 1 88
213 126 217
213 154 208
213 148 207
214 1 88
214 155 215
214 142 209
215 1 88
215 155 216
215 142 209
216 1 88
216 155 214
216 142 209
217 1 88
217 155 218
217 142 213
218 1 88
218 155 219
218 142 213
219 1 88
219 155 217
219 142 213
220 1 88
221 1 27
222 1 27
222 119 223
223 1 27
223 154 224
223 126 225
223 148 222
224 1 27
224 154 228
224 126 229
224 148 222
225 1 27
225 155 226
225 142 223
226 1 27
226 155 227
226 142 223
227 1 27
227 155 225
227 142 223
228 1 27
228 126 232
228 154 223
228 148 222
229 1 27
229 155 230
229 142 224
230 1 27
230 155 231
230 142 224
231 1 27
231 155 229
231 142 224
232 1 27
232 155 233
232 142 228
233 1 27
233 155 234
233 142 228
234 1 27
234 155 232
234 142 228
235 1 27
236 1 23
237 1 23
237 119 238
238 1 23
238 154 239
238 126 240
238 148 237
239 1 23
239 154 243
239 126 244
239 148 237
240 1 23
240 155 241
240 142 238
241 1 23
241 155 242
241 142 238
242 1 23
242 155 240
242 142 238
243 1 23
243 126 247
243 154 238
243 148 237
244 1 23
244 155 245
244 142 239
245 1 23
245 155 246
245 142 239
246 1 23
246 155 244
246 142 239
247 1 23
247 155 248
247 142 243
248 1 23
248 155 249
248 142 243
249 1 23
249 155 247
249 142 243
250 1 23
251 1 13
252 1 13
252 119 253
253 1 13
253 154 254
253 126 255
253 148 252
254 1 13
254 154 258
254 126 259
254 148 252
255 1 13
255 155 256
255 142 253
256 1 13
256 155 257
256 142 253
257 1 13
257 155 255
257 142 253
258 1 13
258 126 262
258 154 253
258 148 252
259 1 13
259 155 260
259 142 254
260 1 13
260 155 261
260 142 254
261 1 13
261 155 259
261 142 254
262 1 13
262 155 263
262 142 258
263 1 13
263 155 264
263 142 258
264 1 13
264 155 262
264 142 258
265 1 13
