# Format: <source_state_id> <instruction_id> <target_state_id>
0 0 1
10 41 20
10 22 21
10 44 22
10 18 23
20 1 10
20 0 82
21 1 10
21 0 81
22 1 10
22 0 80
23 22 24
23 44 26
23 109 27
23 41 25
23 54 10
24 1 23
24 0 79
25 1 23
25 0 66
26 1 23
26 0 65
27 22 28
27 44 30
27 109 31
27 41 29
27 54 10
28 1 27
28 0 64
29 1 27
29 0 51
30 1 27
30 0 50
31 22 32
31 44 34
31 109 23
31 41 33
31 54 10
32 1 31
32 0 49
33 1 31
33 0 36
34 1 31
34 0 35
35 1 31
36 1 31
36 70 37
37 1 31
37 110 38
37 77 39
37 99 36
38 1 31
38 110 42
38 77 43
38 99 36
39 1 31
39 111 40
39 93 37
40 1 31
40 111 41
40 93 37
41 1 31
41 111 39
41 93 37
42 1 31
42 77 46
42 110 37
42 99 36
43 1 31
43 111 44
43 93 38
44 1 31
44 111 45
44 93 38
45 1 31
45 111 43
45 93 38
46 1 31
46 111 47
46 93 42
47 1 31
47 111 48
47 93 42
48 1 31
48 111 46
48 93 42
49 1 31
50 1 27
51 1 27
51 70 52
52 1 27
52 110 53
52 77 54
52 99 51
53 1 27
53 110 57
53 77 58
53 99 51
54 1 27
54 111 55
54 93 52
55 1 27
55 111 56
55 93 52
56 1 27
56 111 54
56 93 52
57 1 27
57 77 61
57 110 52
57 99 51
58 1 27
58 111 59
58 93 53
59 1 27
59 111 60
59 93 53
60 1 27
60 111 58
60 93 53
61 1 27
61 111 62
61 93 57
62 1 27
62 111 63
62 93 57
63 1 27
63 111 61
63 93 57
64 1 27
65 1 23
66 1 23
66 70 67
67 1 23
67 110 68
67 77 69
67 99 66
68 1 23
68 110 72
68 77 73
68 99 66
69 1 23
69 111 70
69 93 67
70 1 23
70 111 71
70 93 67
71 1 23
71 111 69
71 93 67
72 1 23
72 77 76
72 110 67
72 99 66
73 1 23
73 111 74
73 93 68
74 1 23
74 111 75
74 93 68
75 1 23
75 111 73
75 93 68
76 1 23
76 111 77
76 93 72
77 1 23
77 111 78
77 93 72
78 1 23
78 111 76
78 93 72
79 1 23
80 1 10
81 1 10
82 1 10
82 70 83
83 1 10
83 110 84
83 77 85
83 99 82
84 1 10
84 110 88
84 77 89
84 99 82
85 1 10
85 111 86
85 93 83
86 1 10
86 111 87
86 93 83
87 1 10
87 111 85
87 93 83
88 1 10
88 77 92
88 110 83
88 99 82
89 1 10
89 111 90
89 93 84
90 1 10
90 111 91
90 93 84
91 1 10
91 111 89
91 93 84
92 1 10
92 111 93
92 93 88
93 1 10
93 111 94
93 93 88
94 1 10
94 111 92
94 93 88
