# Format: <source_state_id> <instruction_id> <target_state_id>
0 0 1
12 40 20
12 35 21
12 38 22
12 25 23
12 21 24
20 1 12
20 0 90
21 1 12
21 0 89
22 1 12
22 0 88
23 1 12
23 0 87
24 40 25
24 35 26
24 38 27
24 25 28
24 117 29
24 54 12
25 1 24
25 0 74
26 1 24
26 0 73
27 1 24
27 0 72
28 1 24
28 0 71
29 40 30
29 35 31
29 38 32
29 25 33
29 117 34
29 54 12
30 1 29
30 0 58
31 1 29
31 0 57
32 1 29
32 0 56
33 1 29
33 0 55
34 40 35
34 35 36
34 38 37
34 25 38
34 117 24
34 54 12
35 1 34
35 0 42
36 1 34
36 0 41
37 1 34
37 0 40
38 1 34
38 0 39
39 1 34
40 1 34
41 1 34
42 1 34
42 86 43
43 1 34
43 118 44
43 93 45
43 115 42
44 1 34
44 118 48
44 93 49
44 115 42
45 1 34
45 119 46
45 109 43
46 1 34
46 119 47
46 109 43
47 1 34
47 119 45
47 109 43
48 93 52
48 1 34
48 118 43
48 115 42
49 1 34
49 119 50
49 109 44
50 1 34
50 119 51
50 109 44
51 1 34
51 119 49
51 109 44
52 1 34
52 119 53
52 109 48
53 1 34
53 119 54
53 109 48
54 1 34
54 119 52
54 109 48
55 1 29
56 1 29
57 1 29
58 1 29
58 86 59
59 1 29
59 118 60
59 93 61
59 115 58
60 1 29
60 118 64
60 93 65
60 115 58
61 1 29
61 119 62
61 109 59
62 1 29
62 119 63
62 109 59
63 1 29
63 119 61
63 109 59
64 93 68
64 1 29
64 118 59
64 115 58
65 1 29
65 119 66
65 109 60
66 1 29
66 119 67
66 109 60
67 1 29
67 119 65
67 109 60
68 1 29
68 119 69
68 109 64
69 1 29
69 119 70
69 109 64
70 1 29
70 119 68
70 109 64
71 1 24
72 1 24
73 1 24
74 1 24
74 86 75
75 1 24
75 118 76
75 93 77
75 115 74
76 1 24
76 118 80
76 93 81
76 115 74
77 1 24
77 119 78
77 109 75
78 1 24
78 119 79
78 109 75
79 1 24
79 119 77
79 109 75
80 93 84
80 1 24
80 118 75
80 115 74
81 1 24
81 119 82
81 109 76
82 1 24
82 119 83
82 109 76
83 1 24
83 119 81
83 109 76
84 1 24
84 119 85
84 109 80
85 1 24
85 119 86
85 109 80
86 1 24
86 119 84
86 109 80
87 1 12
88 1 12
89 1 12
90 1 12
90 86 91
91 1 12
91 118 92
91 93 93
91 115 90
92 1 12
92 118 96
92 93 97
92 115 90
93 1 12
93 119 94
93 109 91
94 1 12
94 119 95
94 109 91
95 1 12
95 119 93
95 109 91
96 93 100
96 1 12
96 118 91
96 115 90
97 1 12
97 119 98
97 109 92
98 1 12
98 119 99
98 109 92
99 1 12
99 119 97
99 109 92
100 1 12
100 119 101
100 109 96
101 1 12
101 119 102
101 109 96
102 1 12
102 119 100
102 109 96
