# Format: <source_state_id> <instruction_id> <target_state_id>
0 0 1
9 35 20
9 22 21
20 1 9
20 0 66
21 35 22
21 116 23
21 64 9
22 1 21
22 0 53
23 35 24
23 116 25
23 64 9
24 1 23
24 0 40
25 35 26
25 116 21
25 64 9
26 1 25
26 0 27
27 1 25
27 84 28
28 1 25
28 117 29
28 91 30
28 113 27
29 1 25
29 117 33
29 91 34
29 113 27
30 1 25
30 118 31
30 107 28
31 1 25
31 118 32
31 107 28
32 1 25
32 118 30
32 107 28
33 1 25
33 91 37
33 117 28
33 113 27
34 1 25
34 118 35
34 107 29
35 1 25
35 118 36
35 107 29
36 1 25
36 118 34
36 107 29
37 1 25
37 118 38
37 107 33
38 1 25
38 118 39
38 107 33
39 1 25
39 118 37
39 107 33
40 1 23
40 84 41
41 1 23
41 117 42
41 91 43
41 113 40
42 1 23
42 117 46
42 91 47
42 113 40
43 1 23
43 118 44
43 107 41
44 1 23
44 118 45
44 107 41
45 1 23
45 118 43
45 107 41
46 1 23
46 91 50
46 117 41
46 113 40
47 1 23
47 118 48
47 107 42
48 1 23
48 118 49
48 107 42
49 1 23
49 118 47
49 107 42
50 1 23
50 118 51
50 107 46
51 1 23
51 118 52
51 107 46
52 1 23
52 118 50
52 107 46
53 1 21
53 84 54
54 1 21
54 117 55
54 91 56
54 113 53
55 1 21
55 117 59
55 91 60
55 113 53
56 1 21
56 118 57
56 107 54
57 1 21
57 118 58
57 107 54
58 1 21
58 118 56
58 107 54
59 1 21
59 91 63
59 117 54
59 113 53
60 1 21
60 118 61
60 107 55
61 1 21
61 118 62
61 107 55
62 1 21
62 118 60
62 107 55
63 1 21
63 118 64
63 107 59
64 1 21
64 118 65
64 107 59
65 1 21
65 118 63
65 107 59
66 1 9
66 84 67
67 1 9
67 117 68
67 91 69
67 113 66
68 1 9
68 117 72
68 91 73
68 113 66
69 1 9
69 118 70
69 107 67
70 1 9
70 118 71
70 107 67
71 1 9
71 118 69
71 107 67
72 1 9
72 91 76
72 117 67
72 113 66
73 1 9
73 118 74
73 107 68
74 1 9
74 118 75
74 107 68
75 1 9
75 118 73
75 107 68
76 1 9
76 118 77
76 107 72
77 1 9
77 118 78
77 107 72
78 1 9
78 118 76
78 107 72
