# Format: <source_state_id> <instruction_id> <target_state_id>
0 0 1
9 34 20
9 33 21
9 24 22
20 1 9
20 0 44
21 1 9
21 0 43
22 33 23
22 34 24
22 73 25
22 41 9
23 1 22
23 0 42
24 1 22
24 0 39
25 33 26
25 34 27
25 73 28
25 41 9
26 1 25
26 0 38
27 1 25
27 0 35
28 33 29
28 34 30
28 73 22
28 41 9
29 1 28
29 0 34
30 1 28
30 0 31
31 1 28
31 63 32
32 1 31
32 0 33
33 1 31
34 1 28
35 1 25
35 63 36
36 1 35
36 0 37
37 1 35
38 1 25
39 1 22
39 63 40
40 1 39
40 0 41
41 1 39
42 1 22
43 1 9
44 1 9
44 63 45
45 1 44
45 0 46
46 1 44
