# Format: <source_state_id> <instruction_id> <target_state_id>
0 0 1
10 35 20
10 33 21
10 37 22
10 24 23
20 1 10
20 0 94
21 1 10
21 0 93
22 1 10
22 0 80
23 37 24
23 33 25
23 121 27
23 35 26
23 48 10
24 1 23
24 0 67
25 1 23
25 0 66
26 1 23
26 0 65
27 37 28
27 33 29
27 121 31
27 35 30
27 48 10
28 1 27
28 0 52
29 1 27
29 0 51
30 1 27
30 0 50
31 37 32
31 33 33
31 121 23
31 35 34
31 48 10
32 1 31
32 0 37
33 1 31
33 0 36
34 1 31
34 0 35
35 1 31
36 1 31
37 1 31
37 90 38
38 1 31
38 122 39
38 97 40
38 119 37
39 1 31
39 122 43
39 97 44
39 119 37
40 1 31
40 123 41
40 113 38
41 1 31
41 123 42
41 113 38
42 1 31
42 123 40
42 113 38
43 1 31
43 97 47
43 122 38
43 119 37
44 1 31
44 123 45
44 113 39
45 1 31
45 123 46
45 113 39
46 1 31
46 123 44
46 113 39
47 1 31
47 123 48
47 113 43
48 1 31
48 123 49
48 113 43
49 1 31
49 123 47
49 113 43
50 1 27
51 1 27
52 1 27
52 90 53
53 1 27
53 122 54
53 97 55
53 119 52
54 1 27
54 122 58
54 97 59
54 119 52
55 1 27
55 123 56
55 113 53
56 1 27
56 123 57
56 113 53
57 1 27
57 123 55
57 113 53
58 1 27
58 97 62
58 122 53
58 119 52
59 1 27
59 123 60
59 113 54
60 1 27
60 123 61
60 113 54
61 1 27
61 123 59
61 113 54
62 1 27
62 123 63
62 113 58
63 1 27
63 123 64
63 113 58
64 1 27
64 123 62
64 113 58
65 1 23
66 1 23
67 1 23
67 90 68
68 1 23
68 122 69
68 97 70
68 119 67
69 1 23
69 122 73
69 97 74
69 119 67
70 1 23
70 123 71
70 113 68
71 1 23
71 123 72
71 113 68
72 1 23
72 123 70
72 113 68
73 1 23
73 97 77
73 122 68
73 119 67
74 1 23
74 123 75
74 113 69
75 1 23
75 123 76
75 113 69
76 1 23
76 123 74
76 113 69
77 1 23
77 123 78
77 113 73
78 1 23
78 123 79
78 113 73
79 1 23
79 123 77
79 113 73
80 1 10
80 90 81
81 1 10
81 122 82
81 97 83
81 119 80
82 1 10
82 122 86
82 97 87
82 119 80
83 1 10
83 123 84
83 113 81
84 1 10
84 123 85
84 113 81
85 1 10
85 123 83
85 113 81
86 1 10
86 97 90
86 122 81
86 119 80
87 1 10
87 123 88
87 113 82
88 1 10
88 123 89
88 113 82
89 1 10
89 123 87
89 113 82
90 1 10
90 123 91
90 113 86
91 1 10
91 123 92
91 113 86
92 1 10
92 123 90
92 113 86
93 1 10
94 1 10
