# Format: <source_state_id> <instruction_id> <target_state_id>
0 0 1
12 43 20
12 42 21
12 29 22
12 25 23
20 1 12
20 0 86
21 1 12
21 0 84
22 1 12
22 0 83
23 43 24
23 42 25
23 29 26
23 139 27
23 57 12
24 1 23
24 0 70
25 1 23
25 0 68
26 1 23
26 0 67
27 43 28
27 42 29
27 29 30
27 139 31
27 57 12
28 1 27
28 0 54
29 1 27
29 0 52
30 1 27
30 0 51
31 43 32
31 42 33
31 29 34
31 139 23
31 57 12
32 1 31
32 0 38
33 1 31
33 0 36
34 1 31
34 0 35
35 1 31
36 1 31
36 92 37
37 1 36
37 0 36
38 1 31
38 108 39
39 1 31
39 140 40
39 115 41
39 137 38
40 1 31
40 140 44
40 115 45
40 137 38
41 141 42
41 1 31
41 131 39
42 141 43
42 1 31
42 131 39
43 141 41
43 1 31
43 131 39
44 1 31
44 115 48
44 140 39
44 137 38
45 141 46
45 1 31
45 131 40
46 141 47
46 1 31
46 131 40
47 141 45
47 1 31
47 131 40
48 141 49
48 1 31
48 131 44
49 141 50
49 1 31
49 131 44
50 141 48
50 1 31
50 131 44
51 1 27
52 1 27
52 92 53
53 1 52
53 0 52
54 1 27
54 108 55
55 1 27
55 140 56
55 115 57
55 137 54
56 1 27
56 140 60
56 115 61
56 137 54
57 141 58
57 1 27
57 131 55
58 141 59
58 1 27
58 131 55
59 141 57
59 1 27
59 131 55
60 1 27
60 115 64
60 140 55
60 137 54
61 141 62
61 1 27
61 131 56
62 141 63
62 1 27
62 131 56
63 141 61
63 1 27
63 131 56
64 141 65
64 1 27
64 131 60
65 141 66
65 1 27
65 131 60
66 141 64
66 1 27
66 131 60
67 1 23
68 1 23
68 92 69
69 1 68
69 0 68
70 1 23
70 108 71
71 1 23
71 140 72
71 115 73
71 137 70
72 1 23
72 140 76
72 115 77
72 137 70
73 141 74
73 1 23
73 131 71
74 141 75
74 1 23
74 131 71
75 141 73
75 1 23
75 131 71
76 1 23
76 115 80
76 140 71
76 137 70
77 141 78
77 1 23
77 131 72
78 141 79
78 1 23
78 131 72
79 141 77
79 1 23
79 131 72
80 141 81
80 1 23
80 131 76
81 141 82
81 1 23
81 131 76
82 141 80
82 1 23
82 131 76
83 1 12
84 1 12
84 92 85
85 1 84
85 0 84
86 1 12
86 108 87
87 1 12
87 140 88
87 115 89
87 137 86
88 1 12
88 140 92
88 115 93
88 137 86
89 141 90
89 1 12
89 131 87
90 141 91
90 1 12
90 131 87
91 141 89
91 1 12
91 131 87
92 1 12
92 115 96
92 140 87
92 137 86
93 141 94
93 1 12
93 131 88
94 141 95
94 1 12
94 131 88
95 141 93
95 1 12
95 131 88
96 141 97
96 1 12
96 131 92
97 141 98
97 1 12
97 131 92
98 141 96
98 1 12
98 131 92
