# Format: <source_state_id> <instruction_id> <target_state_id>
0 0 1
9 44 20
9 28 21
20 1 9
20 0 66
21 44 22
21 111 23
21 59 9
22 1 21
22 0 53
23 44 24
23 111 25
23 59 9
24 1 23
24 0 40
25 44 26
25 111 21
25 59 9
26 1 25
26 0 27
27 1 25
27 79 28
28 1 25
28 112 29
28 86 30
28 108 27
29 1 25
29 112 33
29 86 34
29 108 27
30 1 25
30 113 31
30 102 28
31 1 25
31 113 32
31 102 28
32 1 25
32 113 30
32 102 28
33 1 25
33 86 37
33 112 28
33 108 27
34 1 25
34 113 35
34 102 29
35 1 25
35 113 36
35 102 29
36 1 25
36 113 34
36 102 29
37 1 25
37 113 38
37 102 33
38 1 25
38 113 39
38 102 33
39 1 25
39 113 37
39 102 33
40 1 23
40 79 41
41 1 23
41 112 42
41 86 43
41 108 40
42 1 23
42 112 46
42 86 47
42 108 40
43 1 23
43 113 44
43 102 41
44 1 23
44 113 45
44 102 41
45 1 23
45 113 43
45 102 41
46 1 23
46 86 50
46 112 41
46 108 40
47 1 23
47 113 48
47 102 42
48 1 23
48 113 49
48 102 42
49 1 23
49 113 47
49 102 42
50 1 23
50 113 51
50 102 46
51 1 23
51 113 52
51 102 46
52 1 23
52 113 50
52 102 46
53 1 21
53 79 54
54 1 21
54 112 55
54 86 56
54 108 53
55 1 21
55 112 59
55 86 60
55 108 53
56 1 21
56 113 57
56 102 54
57 1 21
57 113 58
57 102 54
58 1 21
58 113 56
58 102 54
59 1 21
59 86 63
59 112 54
59 108 53
60 1 21
60 113 61
60 102 55
61 1 21
61 113 62
61 102 55
62 1 21
62 113 60
62 102 55
63 1 21
63 113 64
63 102 59
64 1 21
64 113 65
64 102 59
65 1 21
65 113 63
65 102 59
66 1 9
66 79 67
67 1 9
67 112 68
67 86 69
67 108 66
68 1 9
68 112 72
68 86 73
68 108 66
69 1 9
69 113 70
69 102 67
70 1 9
70 113 71
70 102 67
71 1 9
71 113 69
71 102 67
72 1 9
72 86 76
72 112 67
72 108 66
73 1 9
73 113 74
73 102 68
74 1 9
74 113 75
74 102 68
75 1 9
75 113 73
75 102 68
76 1 9
76 113 77
76 102 72
77 1 9
77 113 78
77 102 72
78 1 9
78 113 76
78 102 72
