# Format: <source_state_id> <instruction_id> <target_state_id>
0 0 1
12 41 21
12 35 22
12 34 23
12 25 24
21 1 12
21 0 53
22 1 12
22 0 52
23 1 12
23 0 51
24 41 25
24 34 26
24 75 28
24 35 27
24 48 12
25 1 24
25 0 48
26 1 24
26 0 47
27 1 24
27 0 46
28 41 29
28 34 30
28 75 32
28 35 31
28 48 12
29 1 28
29 0 43
30 1 28
30 0 42
31 1 28
31 0 41
32 41 33
32 34 34
32 75 24
32 35 35
32 48 12
33 1 32
33 0 38
34 1 32
34 0 37
35 1 32
35 0 36
36 1 32
37 1 32
38 1 32
38 65 39
39 1 38
39 0 40
40 1 38
41 1 28
42 1 28
43 1 28
43 65 44
44 1 43
44 0 45
45 1 43
46 1 24
47 1 24
48 1 24
48 65 49
49 1 48
49 0 50
50 1 48
51 1 12
52 1 12
53 1 12
53 65 54
54 1 53
54 0 55
55 1 53
