# Format: <source_state_id> <instruction_id> <target_state_id>
0 0 1
11 54 20
11 35 21
11 32 22
11 27 23
20 1 11
20 0 97
21 1 11
21 0 96
22 1 11
22 0 83
23 54 24
23 35 25
23 32 26
23 159 27
23 64 11
24 1 23
24 0 81
25 1 23
25 0 80
26 1 23
26 0 67
27 54 28
27 35 29
27 32 30
27 159 31
27 64 11
28 1 27
28 0 65
29 1 27
29 0 64
30 1 27
30 0 51
31 54 32
31 35 33
31 32 34
31 159 23
31 64 11
32 1 31
32 0 49
33 1 31
33 0 48
34 1 31
34 0 35
35 1 31
35 80 36
36 1 31
36 160 37
36 87 38
36 109 35
37 1 31
37 160 41
37 87 42
37 109 35
38 1 31
38 161 39
38 103 36
39 1 31
39 161 40
39 103 36
40 1 31
40 161 38
40 103 36
41 1 31
41 87 45
41 160 36
41 109 35
42 1 31
42 161 43
42 103 37
43 1 31
43 161 44
43 103 37
44 1 31
44 161 42
44 103 37
45 1 31
45 161 46
45 103 41
46 1 31
46 161 47
46 103 41
47 1 31
47 161 45
47 103 41
48 1 31
49 1 31
49 154 50
50 1 49
50 0 49
51 1 27
51 80 52
52 1 27
52 160 53
52 87 54
52 109 51
53 1 27
53 160 57
53 87 58
53 109 51
54 1 27
54 161 55
54 103 52
55 1 27
55 161 56
55 103 52
56 1 27
56 161 54
56 103 52
57 1 27
57 87 61
57 160 52
57 109 51
58 1 27
58 161 59
58 103 53
59 1 27
59 161 60
59 103 53
60 1 27
60 161 58
60 103 53
61 1 27
61 161 62
61 103 57
62 1 27
62 161 63
62 103 57
63 1 27
63 161 61
63 103 57
64 1 27
65 1 27
65 154 66
66 1 65
66 0 65
67 1 23
67 80 68
68 1 23
68 160 69
68 87 70
68 109 67
69 1 23
69 160 73
69 87 74
69 109 67
70 1 23
70 161 71
70 103 68
71 1 23
71 161 72
71 103 68
72 1 23
72 161 70
72 103 68
73 1 23
73 87 77
73 160 68
73 109 67
74 1 23
74 161 75
74 103 69
75 1 23
75 161 76
75 103 69
76 1 23
76 161 74
76 103 69
77 1 23
77 161 78
77 103 73
78 1 23
78 161 79
78 103 73
79 1 23
79 161 77
79 103 73
80 1 23
81 1 23
81 154 82
82 1 81
82 0 81
83 1 11
83 80 84
84 1 11
84 160 85
84 87 86
84 109 83
85 1 11
85 160 89
85 87 90
85 109 83
86 1 11
86 161 87
86 103 84
87 1 11
87 161 88
87 103 84
88 1 11
88 161 86
88 103 84
89 1 11
89 87 93
89 160 84
89 109 83
90 1 11
90 161 91
90 103 85
91 1 11
91 161 92
91 103 85
92 1 11
92 161 90
92 103 85
93 1 11
93 161 94
93 103 89
94 1 11
94 161 95
94 103 89
95 1 11
95 161 93
95 103 89
96 1 11
97 1 11
97 154 98
98 1 97
98 0 97
