# Format: <source_state_id> <instruction_id> <target_state_id>
0 0 1
12 53 20
12 49 21
12 47 22
12 42 23
12 32 24
12 28 25
20 1 12
20 0 110
21 1 12
21 0 97
22 1 12
22 0 96
23 1 12
23 0 95
24 1 12
24 0 94
25 49 26
25 47 27
25 42 28
25 32 29
25 53 30
25 144 31
25 63 12
26 1 25
26 0 81
27 1 25
27 0 80
28 1 25
28 0 79
29 1 25
29 0 78
30 1 25
30 0 77
31 49 32
31 47 33
31 42 34
31 32 35
31 53 36
31 144 37
31 63 12
32 1 31
32 0 64
33 1 31
33 0 63
34 1 31
34 0 62
35 1 31
35 0 61
36 1 31
36 0 60
37 49 38
37 47 39
37 42 40
37 32 41
37 53 42
37 144 25
37 63 12
38 1 37
38 0 47
39 1 37
39 0 46
40 1 37
40 0 45
41 1 37
41 0 44
42 1 37
42 0 43
43 1 37
44 1 37
45 1 37
46 1 37
47 1 37
47 105 48
48 1 37
48 145 49
48 112 50
48 134 47
49 1 37
49 145 53
49 112 54
49 134 47
50 1 37
50 146 51
50 128 48
51 1 37
51 146 52
51 128 48
52 1 37
52 146 50
52 128 48
53 1 37
53 112 57
53 145 48
53 134 47
54 1 37
54 146 55
54 128 49
55 1 37
55 146 56
55 128 49
56 1 37
56 146 54
56 128 49
57 1 37
57 146 58
57 128 53
58 1 37
58 146 59
58 128 53
59 1 37
59 146 57
59 128 53
60 1 31
61 1 31
62 1 31
63 1 31
64 1 31
64 105 65
65 1 31
65 145 66
65 112 67
65 134 64
66 1 31
66 145 70
66 112 71
66 134 64
67 1 31
67 146 68
67 128 65
68 1 31
68 146 69
68 128 65
69 1 31
69 146 67
69 128 65
70 1 31
70 112 74
70 145 65
70 134 64
71 1 31
71 146 72
71 128 66
72 1 31
72 146 73
72 128 66
73 1 31
73 146 71
73 128 66
74 1 31
74 146 75
74 128 70
75 1 31
75 146 76
75 128 70
76 1 31
76 146 74
76 128 70
77 1 25
78 1 25
79 1 25
80 1 25
81 1 25
81 105 82
82 1 25
82 145 83
82 112 84
82 134 81
83 1 25
83 145 87
83 112 88
83 134 81
84 1 25
84 146 85
84 128 82
85 1 25
85 146 86
85 128 82
86 1 25
86 146 84
86 128 82
87 1 25
87 112 91
87 145 82
87 134 81
88 1 25
88 146 89
88 128 83
89 1 25
89 146 90
89 128 83
90 1 25
90 146 88
90 128 83
91 1 25
91 146 92
91 128 87
92 1 25
92 146 93
92 128 87
93 1 25
93 146 91
93 128 87
94 1 12
95 1 12
96 1 12
97 1 12
97 105 98
98 1 12
98 145 99
98 112 100
98 134 97
99 1 12
99 145 103
99 112 104
99 134 97
100 1 12
100 146 101
100 128 98
101 1 12
101 146 102
101 128 98
102 1 12
102 146 100
102 128 98
103 1 12
103 112 107
103 145 98
103 134 97
104 1 12
104 146 105
104 128 99
105 1 12
105 146 106
105 128 99
106 1 12
106 146 104
106 128 99
107 1 12
107 146 108
107 128 103
108 1 12
108 146 109
108 128 103
109 1 12
109 146 107
109 128 103
110 1 12
