# Format: <source_state_id> <instruction_id> <target_state_id>
0 0 1
11 25 22
11 21 23
22 1 11
22 0 68
23 25 24
23 110 25
23 45 11
24 1 23
24 0 55
25 25 26
25 110 27
25 45 11
26 1 25
26 0 42
27 25 28
27 110 23
27 45 11
28 1 27
28 0 29
29 1 27
29 61 30
30 1 27
30 111 31
30 68 32
30 90 29
31 1 27
31 111 35
31 68 36
31 90 29
32 1 27
32 112 33
32 84 30
33 1 27
33 112 34
33 84 30
34 1 27
34 112 32
34 84 30
35 1 27
35 68 39
35 111 30
35 90 29
36 1 27
36 112 37
36 84 31
37 1 27
37 112 38
37 84 31
38 1 27
38 112 36
38 84 31
39 1 27
39 112 40
39 84 35
40 1 27
40 112 41
40 84 35
41 1 27
41 112 39
41 84 35
42 1 25
42 61 43
43 1 25
43 111 44
43 68 45
43 90 42
44 1 25
44 111 48
44 68 49
44 90 42
45 1 25
45 112 46
45 84 43
46 1 25
46 112 47
46 84 43
47 1 25
47 112 45
47 84 43
48 1 25
48 68 52
48 111 43
48 90 42
49 1 25
49 112 50
49 84 44
50 1 25
50 112 51
50 84 44
51 1 25
51 112 49
51 84 44
52 1 25
52 112 53
52 84 48
53 1 25
53 112 54
53 84 48
54 1 25
54 112 52
54 84 48
55 1 23
55 61 56
56 1 23
56 111 57
56 68 58
56 90 55
57 1 23
57 111 61
57 68 62
57 90 55
58 1 23
58 112 59
58 84 56
59 1 23
59 112 60
59 84 56
60 1 23
60 112 58
60 84 56
61 1 23
61 68 65
61 111 56
61 90 55
62 1 23
62 112 63
62 84 57
63 1 23
63 112 64
63 84 57
64 1 23
64 112 62
64 84 57
65 1 23
65 112 66
65 84 61
66 1 23
66 112 67
66 84 61
67 1 23
67 112 65
67 84 61
68 1 11
68 61 69
69 1 11
69 111 70
69 68 71
69 90 68
70 1 11
70 111 74
70 68 75
70 90 68
71 1 11
71 112 72
71 84 69
72 1 11
72 112 73
72 84 69
73 1 11
73 112 71
73 84 69
74 1 11
74 68 78
74 111 69
74 90 68
75 1 11
75 112 76
75 84 70
76 1 11
76 112 77
76 84 70
77 1 11
77 112 75
77 84 70
78 1 11
78 112 79
78 84 74
79 1 11
79 112 80
79 84 74
80 1 11
80 112 78
80 84 74
