# Format: <source_state_id> <instruction_id> <target_state_id>
0 0 1
14 43 22
14 40 23
14 34 24
14 21 25
22 1 14
22 0 96
23 1 14
23 0 95
24 1 14
24 0 82
25 43 26
25 40 27
25 34 28
25 139 29
25 54 14
26 1 25
26 0 81
27 1 25
27 0 80
28 1 25
28 0 67
29 43 30
29 40 31
29 34 32
29 139 33
29 54 14
30 1 29
30 0 66
31 1 29
31 0 65
32 1 29
32 0 52
33 43 34
33 40 35
33 34 36
33 139 25
33 54 14
34 1 33
34 0 51
35 1 33
35 0 50
36 1 33
36 0 37
37 1 33
37 86 38
38 1 33
38 140 39
38 93 40
38 115 37
39 1 33
39 140 43
39 93 44
39 115 37
40 1 33
40 141 41
40 109 38
41 1 33
41 141 42
41 109 38
42 1 33
42 141 40
42 109 38
43 1 33
43 93 47
43 140 38
43 115 37
44 1 33
44 141 45
44 109 39
45 1 33
45 141 46
45 109 39
46 1 33
46 141 44
46 109 39
47 1 33
47 141 48
47 109 43
48 1 33
48 141 49
48 109 43
49 1 33
49 141 47
49 109 43
50 1 33
51 1 33
52 1 29
52 86 53
53 1 29
53 140 54
53 93 55
53 115 52
54 1 29
54 140 58
54 93 59
54 115 52
55 1 29
55 141 56
55 109 53
56 1 29
56 141 57
56 109 53
57 1 29
57 141 55
57 109 53
58 1 29
58 93 62
58 140 53
58 115 52
59 1 29
59 141 60
59 109 54
60 1 29
60 141 61
60 109 54
61 1 29
61 141 59
61 109 54
62 1 29
62 141 63
62 109 58
63 1 29
63 141 64
63 109 58
64 1 29
64 141 62
64 109 58
65 1 29
66 1 29
67 1 25
67 86 68
68 1 25
68 140 69
68 93 70
68 115 67
69 1 25
69 140 73
69 93 74
69 115 67
70 1 25
70 141 71
70 109 68
71 1 25
71 141 72
71 109 68
72 1 25
72 141 70
72 109 68
73 1 25
73 93 77
73 140 68
73 115 67
74 1 25
74 141 75
74 109 69
75 1 25
75 141 76
75 109 69
76 1 25
76 141 74
76 109 69
77 1 25
77 141 78
77 109 73
78 1 25
78 141 79
78 109 73
79 1 25
79 141 77
79 109 73
80 1 25
81 1 25
82 1 14
82 86 83
83 1 14
83 140 84
83 93 85
83 115 82
84 1 14
84 140 88
84 93 89
84 115 82
85 1 14
85 141 86
85 109 83
86 1 14
86 141 87
86 109 83
87 1 14
87 141 85
87 109 83
88 1 14
88 93 92
88 140 83
88 115 82
89 1 14
89 141 90
89 109 84
90 1 14
90 141 91
90 109 84
91 1 14
91 141 89
91 109 84
92 1 14
92 141 93
92 109 88
93 1 14
93 141 94
93 109 88
94 1 14
94 141 92
94 109 88
95 1 14
96 1 14
