# Format: <source_state_id> <instruction_id> <target_state_id>
0 0 1
9 38 20
9 22 21
20 1 9
20 0 66
21 38 22
21 113 23
21 66 9
22 1 21
22 0 53
23 38 24
23 113 25
23 66 9
24 1 23
24 0 40
25 38 26
25 113 21
25 66 9
26 1 25
26 0 27
27 1 25
27 82 28
28 1 25
28 114 29
28 89 30
28 111 27
29 1 25
29 114 33
29 89 34
29 111 27
30 115 31
30 1 25
30 105 28
31 115 32
31 1 25
31 105 28
32 115 30
32 1 25
32 105 28
33 1 25
33 89 37
33 114 28
33 111 27
34 115 35
34 1 25
34 105 29
35 115 36
35 1 25
35 105 29
36 115 34
36 1 25
36 105 29
37 115 38
37 1 25
37 105 33
38 115 39
38 1 25
38 105 33
39 115 37
39 1 25
39 105 33
40 1 23
40 82 41
41 1 23
41 114 42
41 89 43
41 111 40
42 1 23
42 114 46
42 89 47
42 111 40
43 115 44
43 1 23
43 105 41
44 115 45
44 1 23
44 105 41
45 115 43
45 1 23
45 105 41
46 1 23
46 89 50
46 114 41
46 111 40
47 115 48
47 1 23
47 105 42
48 115 49
48 1 23
48 105 42
49 115 47
49 1 23
49 105 42
50 115 51
50 1 23
50 105 46
51 115 52
51 1 23
51 105 46
52 115 50
52 1 23
52 105 46
53 1 21
53 82 54
54 1 21
54 114 55
54 89 56
54 111 53
55 1 21
55 114 59
55 89 60
55 111 53
56 115 57
56 1 21
56 105 54
57 115 58
57 1 21
57 105 54
58 115 56
58 1 21
58 105 54
59 1 21
59 89 63
59 114 54
59 111 53
60 115 61
60 1 21
60 105 55
61 115 62
61 1 21
61 105 55
62 115 60
62 1 21
62 105 55
63 115 64
63 1 21
63 105 59
64 115 65
64 1 21
64 105 59
65 115 63
65 1 21
65 105 59
66 1 9
66 82 67
67 1 9
67 114 68
67 89 69
67 111 66
68 1 9
68 114 72
68 89 73
68 111 66
69 115 70
69 1 9
69 105 67
70 115 71
70 1 9
70 105 67
71 115 69
71 1 9
71 105 67
72 1 9
72 89 76
72 114 67
72 111 66
73 115 74
73 1 9
73 105 68
74 115 75
74 1 9
74 105 68
75 115 73
75 1 9
75 105 68
76 115 77
76 1 9
76 105 72
77 115 78
77 1 9
77 105 72
78 115 76
78 1 9
78 105 72
