# Format: <source_state_id> <instruction_id> <target_state_id>
0 0 1
13 87 20
13 76 21
13 31 22
13 79 23
13 27 24
20 1 13
20 0 291
21 1 13
21 0 278
22 1 13
22 0 277
23 1 13
23 0 276
24 87 25
24 79 26
24 31 27
24 76 28
24 154 29
24 42 30
24 94 13
25 1 24
25 0 275
26 1 24
26 0 274
27 1 24
27 0 273
28 1 24
28 0 260
29 87 93
29 79 94
29 31 95
29 76 96
29 154 97
29 42 98
29 94 13
30 87 31
30 79 32
30 76 33
30 155 35
30 31 34
30 57 24
31 1 30
31 0 92
32 1 30
32 0 91
33 1 30
33 0 78
34 1 30
34 0 77
35 87 36
35 79 37
35 76 38
35 155 40
35 31 39
35 57 24
36 1 35
36 0 76
37 1 35
37 0 75
38 1 35
38 0 62
39 1 35
39 0 61
40 87 41
40 79 42
40 76 43
40 155 30
40 31 44
40 57 24
41 1 40
41 0 60
42 1 40
42 0 59
43 1 40
43 0 46
44 1 40
44 0 45
45 1 40
46 1 40
46 114 47
47 1 40
47 157 48
47 121 49
47 143 46
48 1 40
48 157 52
48 121 53
48 143 46
49 1 40
49 158 50
49 137 47
50 1 40
50 158 51
50 137 47
51 1 40
51 158 49
51 137 47
52 121 56
52 1 40
52 157 47
52 143 46
53 1 40
53 158 54
53 137 48
54 1 40
54 158 55
54 137 48
55 1 40
55 158 53
55 137 48
56 1 40
56 158 57
56 137 52
57 1 40
57 158 58
57 137 52
58 1 40
58 158 56
58 137 52
59 1 40
60 1 40
61 1 35
62 1 35
62 114 63
63 1 35
63 157 64
63 121 65
63 143 62
64 1 35
64 157 68
64 121 69
64 143 62
65 1 35
65 158 66
65 137 63
66 1 35
66 158 67
66 137 63
67 1 35
67 158 65
67 137 63
68 121 72
68 1 35
68 157 63
68 143 62
69 1 35
69 158 70
69 137 64
70 1 35
70 158 71
70 137 64
71 1 35
71 158 69
71 137 64
72 1 35
72 158 73
72 137 68
73 1 35
73 158 74
73 137 68
74 1 35
74 158 72
74 137 68
75 1 35
76 1 35
77 1 30
78 1 30
78 114 79
79 1 30
79 157 80
79 121 81
79 143 78
80 1 30
80 157 84
80 121 85
80 143 78
81 1 30
81 158 82
81 137 79
82 1 30
82 158 83
82 137 79
83 1 30
83 158 81
83 137 79
84 121 88
84 1 30
84 157 79
84 143 78
85 1 30
85 158 86
85 137 80
86 1 30
86 158 87
86 137 80
87 1 30
87 158 85
87 137 80
88 1 30
88 158 89
88 137 84
89 1 30
89 158 90
89 137 84
90 1 30
90 158 88
90 137 84
91 1 30
92 1 30
93 1 29
93 0 259
94 1 29
94 0 258
95 1 29
95 0 257
96 1 29
96 0 244
97 87 161
97 79 162
97 31 163
97 42 165
97 94 13
97 76 164
97 154 24
98 87 99
98 79 100
98 76 101
98 155 103
98 31 102
98 57 29
99 1 98
99 0 160
100 1 98
100 0 159
101 1 98
101 0 146
102 1 98
102 0 145
103 87 104
103 79 105
103 76 106
103 155 108
103 31 107
103 57 29
104 1 103
104 0 144
105 1 103
105 0 143
106 1 103
106 0 130
107 1 103
107 0 129
108 87 109
108 79 110
108 76 111
108 155 98
108 31 112
108 57 29
109 1 108
109 0 128
110 1 108
110 0 127
111 1 108
111 0 114
112 1 108
112 0 113
113 1 108
114 1 108
114 114 115
115 1 108
115 157 116
115 121 117
115 143 114
116 1 108
116 157 120
116 121 121
116 143 114
117 1 108
117 158 118
117 137 115
118 1 108
118 158 119
118 137 115
119 1 108
119 158 117
119 137 115
120 121 124
120 1 108
120 157 115
120 143 114
121 1 108
121 158 122
121 137 116
122 1 108
122 158 123
122 137 116
123 1 108
123 158 121
123 137 116
124 1 108
124 158 125
124 137 120
125 1 108
125 158 126
125 137 120
126 1 108
126 158 124
126 137 120
127 1 108
128 1 108
129 1 103
130 1 103
130 114 131
131 1 103
131 157 132
131 121 133
131 143 130
132 1 103
132 157 136
132 121 137
132 143 130
133 1 103
133 158 134
133 137 131
134 1 103
134 158 135
134 137 131
135 1 103
135 158 133
135 137 131
136 121 140
136 1 103
136 157 131
136 143 130
137 1 103
137 158 138
137 137 132
138 1 103
138 158 139
138 137 132
139 1 103
139 158 137
139 137 132
140 1 103
140 158 141
140 137 136
141 1 103
141 158 142
141 137 136
142 1 103
142 158 140
142 137 136
143 1 103
144 1 103
145 1 98
146 1 98
146 114 147
147 1 98
147 157 148
147 121 149
147 143 146
148 1 98
148 157 152
148 121 153
148 143 146
149 1 98
149 158 150
149 137 147
150 1 98
150 158 151
150 137 147
151 1 98
151 158 149
151 137 147
152 121 156
152 1 98
152 157 147
152 143 146
153 1 98
153 158 154
153 137 148
154 1 98
154 158 155
154 137 148
155 1 98
155 158 153
155 137 148
156 1 98
156 158 157
156 137 152
157 1 98
157 158 158
157 137 152
158 1 98
158 158 156
158 137 152
159 1 98
160 1 98
161 1 97
161 0 243
162 1 97
162 0 242
163 1 97
163 0 241
164 1 97
164 0 228
165 87 166
165 79 167
165 76 168
165 155 170
165 31 169
165 57 97
166 1 165
166 0 227
167 1 165
167 0 226
168 1 165
168 0 213
169 1 165
169 0 212
170 87 171
170 79 172
170 76 173
170 155 175
170 31 174
170 57 97
171 1 170
171 0 211
172 1 170
172 0 210
173 1 170
173 0 197
174 1 170
174 0 196
175 87 176
175 79 177
175 76 178
175 155 165
175 31 179
175 57 97
176 1 175
176 0 195
177 1 175
177 0 194
178 1 175
178 0 181
179 1 175
179 0 180
180 1 175
181 1 175
181 114 182
182 1 175
182 157 183
182 121 184
182 143 181
183 1 175
183 157 187
183 121 188
183 143 181
184 1 175
184 158 185
184 137 182
185 1 175
185 158 186
185 137 182
186 1 175
186 158 184
186 137 182
187 121 191
187 1 175
187 157 182
187 143 181
188 1 175
188 158 189
188 137 183
189 1 175
189 158 190
189 137 183
190 1 175
190 158 188
190 137 183
191 1 175
191 158 192
191 137 187
192 1 175
192 158 193
192 137 187
193 1 175
193 158 191
193 137 187
194 1 175
195 1 175
196 1 170
197 1 170
197 114 198
198 1 170
198 157 199
198 121 200
198 143 197
199 1 170
199 157 203
199 121 204
199 143 197
200 1 170
200 158 201
200 137 198
201 1 170
201 158 202
201 137 198
202 1 170
202 158 200
202 137 198
203 121 207
203 1 170
203 157 198
203 143 197
204 1 170
204 158 205
204 137 199
205 1 170
205 158 206
205 137 199
206 1 170
206 158 204
206 137 199
207 1 170
207 158 208
207 137 203
208 1 170
208 158 209
208 137 203
209 1 170
209 158 207
209 137 203
210 1 170
211 1 170
212 1 165
213 1 165
213 114 214
214 1 165
214 157 215
214 121 216
214 143 213
215 1 165
215 157 219
215 121 220
215 143 213
216 1 165
216 158 217
216 137 214
217 1 165
217 158 218
217 137 214
218 1 165
218 158 216
218 137 214
219 121 223
219 1 165
219 157 214
219 143 213
220 1 165
220 158 221
220 137 215
221 1 165
221 158 222
221 137 215
222 1 165
222 158 220
222 137 215
223 1 165
223 158 224
223 137 219
224 1 165
224 158 225
224 137 219
225 1 165
225 158 223
225 137 219
226 1 165
227 1 165
228 1 97
228 114 229
229 1 97
229 157 230
229 121 231
229 143 228
230 1 97
230 157 234
230 121 235
230 143 228
231 1 97
231 158 232
231 137 229
232 1 97
232 158 233
232 137 229
233 1 97
233 158 231
233 137 229
234 121 238
234 1 97
234 157 229
234 143 228
235 1 97
235 158 236
235 137 230
236 1 97
236 158 237
236 137 230
237 1 97
237 158 235
237 137 230
238 1 97
238 158 239
238 137 234
239 1 97
239 158 240
239 137 234
240 1 97
240 158 238
240 137 234
241 1 97
242 1 97
243 1 97
244 1 29
244 114 245
245 1 29
245 157 246
245 121 247
245 143 244
246 1 29
246 157 250
246 121 251
246 143 244
247 1 29
247 158 248
247 137 245
248 1 29
248 158 249
248 137 245
249 1 29
249 158 247
249 137 245
250 121 254
250 1 29
250 157 245
250 143 244
251 1 29
251 158 252
251 137 246
252 1 29
252 158 253
252 137 246
253 1 29
253 158 251
253 137 246
254 1 29
254 158 255
254 137 250
255 1 29
255 158 256
255 137 250
256 1 29
256 158 254
256 137 250
257 1 29
258 1 29
259 1 29
260 1 24
260 114 261
261 1 24
261 157 262
261 121 263
261 143 260
262 1 24
262 157 266
262 121 267
262 143 260
263 1 24
263 158 264
263 137 261
264 1 24
264 158 265
264 137 261
265 1 24
265 158 263
265 137 261
266 121 270
266 1 24
266 157 261
266 143 260
267 1 24
267 158 268
267 137 262
268 1 24
268 158 269
268 137 262
269 1 24
269 158 267
269 137 262
270 1 24
270 158 271
270 137 266
271 1 24
271 158 272
271 137 266
272 1 24
272 158 270
272 137 266
273 1 24
274 1 24
275 1 24
276 1 13
277 1 13
278 1 13
278 114 279
279 1 13
279 157 280
279 121 281
279 143 278
280 1 13
280 157 284
280 121 285
280 143 278
281 1 13
281 158 282
281 137 279
282 1 13
282 158 283
282 137 279
283 1 13
283 158 281
283 137 279
284 121 288
284 1 13
284 157 279
284 143 278
285 1 13
285 158 286
285 137 280
286 1 13
286 158 287
286 137 280
287 1 13
287 158 285
287 137 280
288 1 13
288 158 289
288 137 284
289 1 13
289 158 290
289 137 284
290 1 13
290 158 288
290 137 284
291 1 13
