# Format: <source_state_id> <instruction_id> <target_state_id>
0 0 1
12 42 20
12 26 21
12 22 22
20 1 12
20 0 74
21 1 12
21 0 73
22 42 23
22 26 24
22 118 25
22 71 12
23 1 22
23 0 60
24 1 22
24 0 59
25 42 26
25 26 27
25 118 28
25 71 12
26 1 25
26 0 46
27 1 25
27 0 45
28 42 29
28 26 30
28 118 22
28 71 12
29 1 28
29 0 32
30 1 28
30 0 31
31 1 28
32 1 28
32 87 33
33 1 28
33 119 34
33 94 35
33 116 32
34 1 28
34 119 38
34 94 39
34 116 32
35 1 28
35 120 36
35 110 33
36 1 28
36 120 37
36 110 33
37 1 28
37 120 35
37 110 33
38 1 28
38 94 42
38 119 33
38 116 32
39 1 28
39 120 40
39 110 34
40 1 28
40 120 41
40 110 34
41 1 28
41 120 39
41 110 34
42 1 28
42 120 43
42 110 38
43 1 28
43 120 44
43 110 38
44 1 28
44 120 42
44 110 38
45 1 25
46 1 25
46 87 47
47 1 25
47 119 48
47 94 49
47 116 46
48 1 25
48 119 52
48 94 53
48 116 46
49 1 25
49 120 50
49 110 47
50 1 25
50 120 51
50 110 47
51 1 25
51 120 49
51 110 47
52 1 25
52 94 56
52 119 47
52 116 46
53 1 25
53 120 54
53 110 48
54 1 25
54 120 55
54 110 48
55 1 25
55 120 53
55 110 48
56 1 25
56 120 57
56 110 52
57 1 25
57 120 58
57 110 52
58 1 25
58 120 56
58 110 52
59 1 22
60 1 22
60 87 61
61 1 22
61 119 62
61 94 63
61 116 60
62 1 22
62 119 66
62 94 67
62 116 60
63 1 22
63 120 64
63 110 61
64 1 22
64 120 65
64 110 61
65 1 22
65 120 63
65 110 61
66 1 22
66 94 70
66 119 61
66 116 60
67 1 22
67 120 68
67 110 62
68 1 22
68 120 69
68 110 62
69 1 22
69 120 67
69 110 62
70 1 22
70 120 71
70 110 66
71 1 22
71 120 72
71 110 66
72 1 22
72 120 70
72 110 66
73 1 12
74 1 12
74 87 75
75 1 12
75 119 76
75 94 77
75 116 74
76 1 12
76 119 80
76 94 81
76 116 74
77 1 12
77 120 78
77 110 75
78 1 12
78 120 79
78 110 75
79 1 12
79 120 77
79 110 75
80 1 12
80 94 84
80 119 75
80 116 74
81 1 12
81 120 82
81 110 76
82 1 12
82 120 83
82 110 76
83 1 12
83 120 81
83 110 76
84 1 12
84 120 85
84 110 80
85 1 12
85 120 86
85 110 80
86 1 12
86 120 84
86 110 80
