# Format: <source_state_id> <instruction_id> <target_state_id>
0 0 1
12 33 20
12 31 21
12 28 22
12 19 23
20 1 12
20 0 82
21 1 12
21 0 81
22 1 12
22 0 80
23 31 24
23 28 25
23 33 26
23 124 27
23 61 12
24 1 23
24 0 79
25 1 23
25 0 78
26 1 23
26 0 65
27 31 28
27 28 29
27 33 30
27 124 31
27 61 12
28 1 27
28 0 64
29 1 27
29 0 63
30 1 27
30 0 50
31 31 32
31 28 33
31 33 34
31 124 23
31 61 12
32 1 31
32 0 49
33 1 31
33 0 48
34 1 31
34 0 35
35 1 31
35 93 36
36 1 31
36 125 37
36 100 38
36 122 35
37 1 31
37 125 41
37 100 42
37 122 35
38 1 31
38 126 39
38 116 36
39 1 31
39 126 40
39 116 36
40 1 31
40 126 38
40 116 36
41 1 31
41 100 45
41 125 36
41 122 35
42 1 31
42 126 43
42 116 37
43 1 31
43 126 44
43 116 37
44 1 31
44 126 42
44 116 37
45 1 31
45 126 46
45 116 41
46 1 31
46 126 47
46 116 41
47 1 31
47 126 45
47 116 41
48 1 31
49 1 31
50 1 27
50 93 51
51 1 27
51 125 52
51 100 53
51 122 50
52 1 27
52 125 56
52 100 57
52 122 50
53 1 27
53 126 54
53 116 51
54 1 27
54 126 55
54 116 51
55 1 27
55 126 53
55 116 51
56 1 27
56 100 60
56 125 51
56 122 50
57 1 27
57 126 58
57 116 52
58 1 27
58 126 59
58 116 52
59 1 27
59 126 57
59 116 52
60 1 27
60 126 61
60 116 56
61 1 27
61 126 62
61 116 56
62 1 27
62 126 60
62 116 56
63 1 27
64 1 27
65 1 23
65 93 66
66 1 23
66 125 67
66 100 68
66 122 65
67 1 23
67 125 71
67 100 72
67 122 65
68 1 23
68 126 69
68 116 66
69 1 23
69 126 70
69 116 66
70 1 23
70 126 68
70 116 66
71 1 23
71 100 75
71 125 66
71 122 65
72 1 23
72 126 73
72 116 67
73 1 23
73 126 74
73 116 67
74 1 23
74 126 72
74 116 67
75 1 23
75 126 76
75 116 71
76 1 23
76 126 77
76 116 71
77 1 23
77 126 75
77 116 71
78 1 23
79 1 23
80 1 12
81 1 12
82 1 12
82 93 83
83 1 12
83 125 84
83 100 85
83 122 82
84 1 12
84 125 88
84 100 89
84 122 82
85 1 12
85 126 86
85 116 83
86 1 12
86 126 87
86 116 83
87 1 12
87 126 85
87 116 83
88 1 12
88 100 92
88 125 83
88 122 82
89 1 12
89 126 90
89 116 84
90 1 12
90 126 91
90 116 84
91 1 12
91 126 89
91 116 84
92 1 12
92 126 93
92 116 88
93 1 12
93 126 94
93 116 88
94 1 12
94 126 92
94 116 88
