# Format: <source_state_id> <instruction_id> <target_state_id>
0 0 1
12 71 20
12 42 21
12 37 22
12 31 23
12 27 24
20 1 12
20 0 102
21 1 12
21 0 101
22 1 12
22 0 88
23 1 12
23 0 87
24 71 25
24 42 26
24 37 27
24 31 28
24 126 29
24 79 12
25 1 24
25 0 86
26 1 24
26 0 85
27 1 24
27 0 72
28 1 24
28 0 71
29 71 30
29 42 31
29 37 32
29 31 33
29 126 34
29 79 12
30 1 29
30 0 70
31 1 29
31 0 69
32 1 29
32 0 56
33 1 29
33 0 55
34 71 35
34 42 36
34 37 37
34 31 38
34 126 24
34 79 12
35 1 34
35 0 54
36 1 34
36 0 53
37 1 34
37 0 40
38 1 34
38 0 39
39 1 34
40 1 34
40 95 41
41 1 34
41 127 42
41 102 43
41 124 40
42 1 34
42 127 46
42 102 47
42 124 40
43 128 44
43 1 34
43 118 41
44 128 45
44 1 34
44 118 41
45 128 43
45 1 34
45 118 41
46 1 34
46 102 50
46 127 41
46 124 40
47 128 48
47 1 34
47 118 42
48 128 49
48 1 34
48 118 42
49 128 47
49 1 34
49 118 42
50 128 51
50 1 34
50 118 46
51 128 52
51 1 34
51 118 46
52 128 50
52 1 34
52 118 46
53 1 34
54 1 34
55 1 29
56 1 29
56 95 57
57 1 29
57 127 58
57 102 59
57 124 56
58 1 29
58 127 62
58 102 63
58 124 56
59 128 60
59 1 29
59 118 57
60 128 61
60 1 29
60 118 57
61 128 59
61 1 29
61 118 57
62 1 29
62 102 66
62 127 57
62 124 56
63 128 64
63 1 29
63 118 58
64 128 65
64 1 29
64 118 58
65 128 63
65 1 29
65 118 58
66 128 67
66 1 29
66 118 62
67 128 68
67 1 29
67 118 62
68 128 66
68 1 29
68 118 62
69 1 29
70 1 29
71 1 24
72 1 24
72 95 73
73 1 24
73 127 74
73 102 75
73 124 72
74 1 24
74 127 78
74 102 79
74 124 72
75 128 76
75 1 24
75 118 73
76 128 77
76 1 24
76 118 73
77 128 75
77 1 24
77 118 73
78 1 24
78 102 82
78 127 73
78 124 72
79 128 80
79 1 24
79 118 74
80 128 81
80 1 24
80 118 74
81 128 79
81 1 24
81 118 74
82 128 83
82 1 24
82 118 78
83 128 84
83 1 24
83 118 78
84 128 82
84 1 24
84 118 78
85 1 24
86 1 24
87 1 12
88 1 12
88 95 89
89 1 12
89 127 90
89 102 91
89 124 88
90 1 12
90 127 94
90 102 95
90 124 88
91 128 92
91 1 12
91 118 89
92 128 93
92 1 12
92 118 89
93 128 91
93 1 12
93 118 89
94 1 12
94 102 98
94 127 89
94 124 88
95 128 96
95 1 12
95 118 90
96 128 97
96 1 12
96 118 90
97 128 95
97 1 12
97 118 90
98 128 99
98 1 12
98 118 94
99 128 100
99 1 12
99 118 94
100 128 98
100 1 12
100 118 94
101 1 12
102 1 12
