# Format: <source_state_id> <instruction_id> <target_state_id>
0 0 1
9 30 20
9 18 21
20 1 9
20 0 66
21 30 22
21 100 23
21 53 9
22 1 21
22 0 53
23 30 24
23 100 25
23 53 9
24 1 23
24 0 40
25 30 26
25 100 21
25 53 9
26 1 25
26 0 27
27 1 25
27 69 28
28 1 25
28 101 29
28 76 30
28 98 27
29 1 25
29 101 33
29 76 34
29 98 27
30 102 31
30 1 25
30 92 28
31 102 32
31 1 25
31 92 28
32 102 30
32 1 25
32 92 28
33 1 25
33 76 37
33 101 28
33 98 27
34 102 35
34 1 25
34 92 29
35 102 36
35 1 25
35 92 29
36 102 34
36 1 25
36 92 29
37 102 38
37 1 25
37 92 33
38 102 39
38 1 25
38 92 33
39 102 37
39 1 25
39 92 33
40 1 23
40 69 41
41 1 23
41 101 42
41 76 43
41 98 40
42 1 23
42 101 46
42 76 47
42 98 40
43 102 44
43 1 23
43 92 41
44 102 45
44 1 23
44 92 41
45 102 43
45 1 23
45 92 41
46 1 23
46 76 50
46 101 41
46 98 40
47 102 48
47 1 23
47 92 42
48 102 49
48 1 23
48 92 42
49 102 47
49 1 23
49 92 42
50 102 51
50 1 23
50 92 46
51 102 52
51 1 23
51 92 46
52 102 50
52 1 23
52 92 46
53 1 21
53 69 54
54 1 21
54 101 55
54 76 56
54 98 53
55 1 21
55 101 59
55 76 60
55 98 53
56 102 57
56 1 21
56 92 54
57 102 58
57 1 21
57 92 54
58 102 56
58 1 21
58 92 54
59 1 21
59 76 63
59 101 54
59 98 53
60 102 61
60 1 21
60 92 55
61 102 62
61 1 21
61 92 55
62 102 60
62 1 21
62 92 55
63 102 64
63 1 21
63 92 59
64 102 65
64 1 21
64 92 59
65 102 63
65 1 21
65 92 59
66 1 9
66 69 67
67 1 9
67 101 68
67 76 69
67 98 66
68 1 9
68 101 72
68 76 73
68 98 66
69 102 70
69 1 9
69 92 67
70 102 71
70 1 9
70 92 67
71 102 69
71 1 9
71 92 67
72 1 9
72 76 76
72 101 67
72 98 66
73 102 74
73 1 9
73 92 68
74 102 75
74 1 9
74 92 68
75 102 73
75 1 9
75 92 68
76 102 77
76 1 9
76 92 72
77 102 78
77 1 9
77 92 72
78 102 76
78 1 9
78 92 72
