# Format: <source_state_id> <instruction_id> <target_state_id>
0 0 1
14 37 22
14 36 23
14 33 24
14 29 25
22 1 14
22 0 96
23 1 14
23 0 95
24 1 14
24 0 82
25 37 26
25 36 27
25 33 28
25 137 29
25 59 14
26 1 25
26 0 81
27 1 25
27 0 80
28 1 25
28 0 67
29 37 30
29 36 31
29 33 32
29 137 33
29 59 14
30 1 29
30 0 66
31 1 29
31 0 65
32 1 29
32 0 52
33 37 34
33 36 35
33 33 36
33 137 25
33 59 14
34 1 33
34 0 51
35 1 33
35 0 50
36 1 33
36 0 37
37 1 33
37 79 38
38 1 33
38 138 39
38 86 40
38 108 37
39 1 33
39 138 43
39 86 44
39 108 37
40 1 33
40 139 41
40 102 38
41 1 33
41 139 42
41 102 38
42 1 33
42 139 40
42 102 38
43 1 33
43 86 47
43 138 38
43 108 37
44 1 33
44 139 45
44 102 39
45 1 33
45 139 46
45 102 39
46 1 33
46 139 44
46 102 39
47 1 33
47 139 48
47 102 43
48 1 33
48 139 49
48 102 43
49 1 33
49 139 47
49 102 43
50 1 33
51 1 33
52 1 29
52 79 53
53 1 29
53 138 54
53 86 55
53 108 52
54 1 29
54 138 58
54 86 59
54 108 52
55 1 29
55 139 56
55 102 53
56 1 29
56 139 57
56 102 53
57 1 29
57 139 55
57 102 53
58 1 29
58 86 62
58 138 53
58 108 52
59 1 29
59 139 60
59 102 54
60 1 29
60 139 61
60 102 54
61 1 29
61 139 59
61 102 54
62 1 29
62 139 63
62 102 58
63 1 29
63 139 64
63 102 58
64 1 29
64 139 62
64 102 58
65 1 29
66 1 29
67 1 25
67 79 68
68 1 25
68 138 69
68 86 70
68 108 67
69 1 25
69 138 73
69 86 74
69 108 67
70 1 25
70 139 71
70 102 68
71 1 25
71 139 72
71 102 68
72 1 25
72 139 70
72 102 68
73 1 25
73 86 77
73 138 68
73 108 67
74 1 25
74 139 75
74 102 69
75 1 25
75 139 76
75 102 69
76 1 25
76 139 74
76 102 69
77 1 25
77 139 78
77 102 73
78 1 25
78 139 79
78 102 73
79 1 25
79 139 77
79 102 73
80 1 25
81 1 25
82 1 14
82 79 83
83 1 14
83 138 84
83 86 85
83 108 82
84 1 14
84 138 88
84 86 89
84 108 82
85 1 14
85 139 86
85 102 83
86 1 14
86 139 87
86 102 83
87 1 14
87 139 85
87 102 83
88 1 14
88 86 92
88 138 83
88 108 82
89 1 14
89 139 90
89 102 84
90 1 14
90 139 91
90 102 84
91 1 14
91 139 89
91 102 84
92 1 14
92 139 93
92 102 88
93 1 14
93 139 94
93 102 88
94 1 14
94 139 92
94 102 88
95 1 14
96 1 14
