# Format: <source_state_id> <instruction_id> <target_state_id>
0 0 1
12 39 20
12 38 21
12 30 22
12 24 23
20 1 12
20 0 46
21 1 12
21 0 45
22 1 12
22 0 44
23 39 24
23 38 25
23 30 26
23 70 27
23 46 12
24 1 23
24 0 43
25 1 23
25 0 42
26 1 23
26 0 41
27 39 28
27 38 29
27 30 30
27 70 31
27 46 12
28 1 27
28 0 40
29 1 27
29 0 39
30 1 27
30 0 38
31 39 32
31 38 33
31 30 34
31 70 23
31 46 12
32 1 31
32 0 37
33 1 31
33 0 36
34 1 31
34 0 35
35 1 31
36 1 31
37 1 31
38 1 27
39 1 27
40 1 27
41 1 23
42 1 23
43 1 23
44 1 12
45 1 12
46 1 12
