# Format: <source_state_id> <instruction_id> <target_state_id>
0 0 1
10 40 20
10 35 21
10 33 22
10 25 23
10 21 24
20 1 10
20 0 54
21 1 10
21 0 53
22 1 10
22 0 52
23 1 10
23 0 51
24 40 25
24 35 26
24 33 27
24 25 28
24 71 29
24 47 10
25 1 24
25 0 50
26 1 24
26 0 49
27 1 24
27 0 48
28 1 24
28 0 47
29 40 30
29 35 31
29 33 32
29 25 33
29 71 34
29 47 10
30 1 29
30 0 46
31 1 29
31 0 45
32 1 29
32 0 44
33 1 29
33 0 43
34 40 35
34 35 36
34 33 37
34 25 38
34 71 24
34 47 10
35 1 34
35 0 42
36 1 34
36 0 41
37 1 34
37 0 40
38 1 34
38 0 39
39 1 34
40 1 34
41 1 34
42 1 34
43 1 29
44 1 29
45 1 29
46 1 29
47 1 24
48 1 24
49 1 24
50 1 24
51 1 10
52 1 10
53 1 10
54 1 10
