# Format: <source_state_id> <instruction_id> <target_state_id>
0 0 1
13 61 20
13 30 21
20 1 13
20 0 84
21 61 22
21 108 23
21 43 24
21 67 25
21 105 13
22 1 21
22 0 83
23 61 42
23 108 43
23 43 44
23 67 45
23 105 13
24 61 34
24 0 35
24 59 21
25 61 26
25 0 27
25 82 21
26 1 25
26 0 33
27 61 28
27 0 29
27 82 21
28 1 27
28 0 32
29 61 30
29 0 25
29 82 21
30 1 29
30 0 31
31 1 29
32 1 27
33 1 25
34 1 24
34 0 41
35 61 36
35 0 37
35 59 21
36 1 35
36 0 40
37 61 38
37 0 24
37 59 21
38 1 37
38 0 39
39 1 37
40 1 35
41 1 24
42 1 23
42 0 82
43 61 62
43 67 64
43 43 63
43 108 21
43 105 13
44 61 54
44 0 55
44 59 23
45 61 46
45 0 47
45 82 23
46 1 45
46 0 53
47 61 48
47 0 49
47 82 23
48 1 47
48 0 52
49 61 50
49 0 45
49 82 23
50 1 49
50 0 51
51 1 49
52 1 47
53 1 45
54 1 44
54 0 61
55 61 56
55 0 57
55 59 23
56 1 55
56 0 60
57 61 58
57 0 44
57 59 23
58 1 57
58 0 59
59 1 57
60 1 55
61 1 44
62 1 43
62 0 81
63 61 73
63 0 74
63 59 43
64 61 65
64 0 66
64 82 43
65 1 64
65 0 72
66 61 67
66 0 68
66 82 43
67 1 66
67 0 71
68 61 69
68 0 64
68 82 43
69 1 68
69 0 70
70 1 68
71 1 66
72 1 64
73 1 63
73 0 80
74 61 75
74 0 76
74 59 43
75 1 74
75 0 79
76 61 77
76 0 63
76 59 43
77 1 76
77 0 78
78 1 76
79 1 74
80 1 63
81 1 43
82 1 23
83 1 21
84 1 13
