# Format: <source_state_id> <instruction_id> <target_state_id>
0 0 1
12 46 20
12 43 21
12 41 22
12 32 23
12 25 24
12 21 25
20 1 12
20 0 62
21 1 12
21 0 61
22 1 12
22 0 60
23 1 12
23 0 59
24 1 12
24 0 58
25 46 26
25 43 27
25 32 28
25 25 29
25 73 31
25 41 30
25 54 12
26 1 25
26 0 57
27 1 25
27 0 56
28 1 25
28 0 55
29 1 25
29 0 54
30 1 25
30 0 53
31 46 32
31 43 33
31 32 34
31 25 35
31 73 37
31 41 36
31 54 12
32 1 31
32 0 52
33 1 31
33 0 51
34 1 31
34 0 50
35 1 31
35 0 49
36 1 31
36 0 48
37 46 38
37 43 39
37 32 40
37 25 41
37 73 25
37 41 42
37 54 12
38 1 37
38 0 47
39 1 37
39 0 46
40 1 37
40 0 45
41 1 37
41 0 44
42 1 37
42 0 43
43 1 37
44 1 37
45 1 37
46 1 37
47 1 37
48 1 31
49 1 31
50 1 31
51 1 31
52 1 31
53 1 25
54 1 25
55 1 25
56 1 25
57 1 25
58 1 12
59 1 12
60 1 12
61 1 12
62 1 12
