# Format: <source_state_id> <instruction_id> <target_state_id>
0 0 1
13 64 20
13 49 21
13 47 22
13 42 23
13 58 24
13 32 25
13 28 26
20 1 13
20 0 118
21 1 13
21 0 105
22 1 13
22 0 104
23 1 13
23 0 103
24 1 13
24 0 102
25 1 13
25 0 101
26 64 27
26 47 28
26 42 29
26 58 30
26 32 31
26 170 33
26 49 32
26 75 13
27 1 26
27 0 100
28 1 26
28 0 99
29 1 26
29 0 98
30 1 26
30 0 97
31 1 26
31 0 96
32 1 26
32 0 83
33 64 34
33 47 35
33 42 36
33 58 37
33 32 38
33 170 40
33 49 39
33 75 13
34 1 33
34 0 82
35 1 33
35 0 81
36 1 33
36 0 80
37 1 33
37 0 79
38 1 33
38 0 78
39 1 33
39 0 65
40 64 41
40 47 42
40 42 43
40 58 44
40 32 45
40 170 26
40 49 46
40 75 13
41 1 40
41 0 64
42 1 40
42 0 63
43 1 40
43 0 62
44 1 40
44 0 61
45 1 40
45 0 60
46 1 40
46 0 47
47 1 40
47 117 48
48 1 40
48 171 49
48 124 50
48 146 47
49 1 40
49 171 53
49 124 54
49 146 47
50 1 40
50 172 51
50 140 48
51 1 40
51 172 52
51 140 48
52 1 40
52 172 50
52 140 48
53 1 40
53 124 57
53 171 48
53 146 47
54 1 40
54 172 55
54 140 49
55 1 40
55 172 56
55 140 49
56 1 40
56 172 54
56 140 49
57 1 40
57 172 58
57 140 53
58 1 40
58 172 59
58 140 53
59 1 40
59 172 57
59 140 53
60 1 40
61 1 40
62 1 40
63 1 40
64 1 40
65 1 33
65 117 66
66 1 33
66 171 67
66 124 68
66 146 65
67 1 33
67 171 71
67 124 72
67 146 65
68 1 33
68 172 69
68 140 66
69 1 33
69 172 70
69 140 66
70 1 33
70 172 68
70 140 66
71 1 33
71 124 75
71 171 66
71 146 65
72 1 33
72 172 73
72 140 67
73 1 33
73 172 74
73 140 67
74 1 33
74 172 72
74 140 67
75 1 33
75 172 76
75 140 71
76 1 33
76 172 77
76 140 71
77 1 33
77 172 75
77 140 71
78 1 33
79 1 33
80 1 33
81 1 33
82 1 33
83 1 26
83 117 84
84 1 26
84 171 85
84 124 86
84 146 83
85 1 26
85 171 89
85 124 90
85 146 83
86 1 26
86 172 87
86 140 84
87 1 26
87 172 88
87 140 84
88 1 26
88 172 86
88 140 84
89 1 26
89 124 93
89 171 84
89 146 83
90 1 26
90 172 91
90 140 85
91 1 26
91 172 92
91 140 85
92 1 26
92 172 90
92 140 85
93 1 26
93 172 94
93 140 89
94 1 26
94 172 95
94 140 89
95 1 26
95 172 93
95 140 89
96 1 26
97 1 26
98 1 26
99 1 26
100 1 26
101 1 13
102 1 13
103 1 13
104 1 13
105 1 13
105 117 106
106 1 13
106 171 107
106 124 108
106 146 105
107 1 13
107 171 111
107 124 112
107 146 105
108 1 13
108 172 109
108 140 106
109 1 13
109 172 110
109 140 106
110 1 13
110 172 108
110 140 106
111 1 13
111 124 115
111 171 106
111 146 105
112 1 13
112 172 113
112 140 107
113 1 13
113 172 114
113 140 107
114 1 13
114 172 112
114 140 107
115 1 13
115 172 116
115 140 111
116 1 13
116 172 117
116 140 111
117 1 13
117 172 115
117 140 111
118 1 13
