# Format: <source_state_id> <instruction_id> <target_state_id>
0 0 1
9 51 20
9 44 21
9 35 22
9 28 23
9 24 24
20 1 9
20 0 62
21 1 9
21 0 59
22 1 9
22 0 58
23 1 9
23 0 57
24 51 25
24 44 26
24 35 27
24 28 28
24 78 29
24 59 9
25 1 24
25 0 56
26 1 24
26 0 53
27 1 24
27 0 52
28 1 24
28 0 51
29 51 30
29 44 31
29 35 32
29 28 33
29 78 34
29 59 9
30 1 29
30 0 50
31 1 29
31 0 47
32 1 29
32 0 46
33 1 29
33 0 45
34 51 35
34 44 36
34 35 37
34 28 38
34 78 24
34 59 9
35 1 34
35 0 44
36 1 34
36 0 41
37 1 34
37 0 40
38 1 34
38 0 39
39 1 34
40 1 34
41 1 34
41 68 42
42 1 41
42 0 43
43 1 41
44 1 34
45 1 29
46 1 29
47 1 29
47 68 48
48 1 47
48 0 49
49 1 47
50 1 29
51 1 24
52 1 24
53 1 24
53 68 54
54 1 53
54 0 55
55 1 53
56 1 24
57 1 9
58 1 9
59 1 9
59 68 60
60 1 59
60 0 61
61 1 59
62 1 9
