# Format: <source_state_id> <instruction_id> <target_state_id>
0 0 1
16 59 22
16 54 23
16 39 24
16 36 25
16 32 26
22 1 16
22 0 104
23 1 16
23 0 91
24 1 16
24 0 90
25 1 16
25 0 89
26 59 27
26 39 28
26 36 29
26 54 30
26 145 31
26 69 16
27 1 26
27 0 88
28 1 26
28 0 87
29 1 26
29 0 86
30 1 26
30 0 73
31 59 32
31 39 33
31 36 34
31 54 35
31 145 36
31 69 16
32 1 31
32 0 72
33 1 31
33 0 71
34 1 31
34 0 70
35 1 31
35 0 57
36 59 37
36 39 38
36 36 39
36 54 40
36 145 26
36 69 16
37 1 36
37 0 56
38 1 36
38 0 55
39 1 36
39 0 54
40 1 36
40 0 41
41 1 36
41 105 42
42 1 36
42 146 43
42 112 44
42 134 41
43 1 36
43 146 47
43 112 48
43 134 41
44 1 36
44 147 45
44 128 42
45 1 36
45 147 46
45 128 42
46 1 36
46 147 44
46 128 42
47 1 36
47 112 51
47 146 42
47 134 41
48 1 36
48 147 49
48 128 43
49 1 36
49 147 50
49 128 43
50 1 36
50 147 48
50 128 43
51 1 36
51 147 52
51 128 47
52 1 36
52 147 53
52 128 47
53 1 36
53 147 51
53 128 47
54 1 36
55 1 36
56 1 36
57 1 31
57 105 58
58 1 31
58 146 59
58 112 60
58 134 57
59 1 31
59 146 63
59 112 64
59 134 57
60 1 31
60 147 61
60 128 58
61 1 31
61 147 62
61 128 58
62 1 31
62 147 60
62 128 58
63 1 31
63 112 67
63 146 58
63 134 57
64 1 31
64 147 65
64 128 59
65 1 31
65 147 66
65 128 59
66 1 31
66 147 64
66 128 59
67 1 31
67 147 68
67 128 63
68 1 31
68 147 69
68 128 63
69 1 31
69 147 67
69 128 63
70 1 31
71 1 31
72 1 31
73 1 26
73 105 74
74 1 26
74 146 75
74 112 76
74 134 73
75 1 26
75 146 79
75 112 80
75 134 73
76 1 26
76 147 77
76 128 74
77 1 26
77 147 78
77 128 74
78 1 26
78 147 76
78 128 74
79 1 26
79 112 83
79 146 74
79 134 73
80 1 26
80 147 81
80 128 75
81 1 26
81 147 82
81 128 75
82 1 26
82 147 80
82 128 75
83 1 26
83 147 84
83 128 79
84 1 26
84 147 85
84 128 79
85 1 26
85 147 83
85 128 79
86 1 26
87 1 26
88 1 26
89 1 16
90 1 16
91 1 16
91 105 92
92 1 16
92 146 93
92 112 94
92 134 91
93 1 16
93 146 97
93 112 98
93 134 91
94 1 16
94 147 95
94 128 92
95 1 16
95 147 96
95 128 92
96 1 16
96 147 94
96 128 92
97 1 16
97 112 101
97 146 92
97 134 91
98 1 16
98 147 99
98 128 93
99 1 16
99 147 100
99 128 93
100 1 16
100 147 98
100 128 93
101 1 16
101 147 102
101 128 97
102 1 16
102 147 103
102 128 97
103 1 16
103 147 101
103 128 97
104 1 16
