# Format: <source_state_id> <instruction_id> <target_state_id>
0 0 1
11 45 20
11 29 21
11 25 22
20 1 11
20 0 74
21 1 11
21 0 73
22 45 23
22 29 24
22 127 25
22 75 11
23 1 22
23 0 60
24 1 22
24 0 59
25 45 26
25 29 27
25 127 28
25 75 11
26 1 25
26 0 46
27 1 25
27 0 45
28 45 29
28 29 30
28 127 22
28 75 11
29 1 28
29 0 32
30 1 28
30 0 31
31 1 28
32 1 28
32 95 33
33 1 28
33 128 34
33 102 35
33 124 32
34 1 28
34 128 38
34 102 39
34 124 32
35 129 36
35 1 28
35 118 33
36 129 37
36 1 28
36 118 33
37 129 35
37 1 28
37 118 33
38 1 28
38 102 42
38 128 33
38 124 32
39 129 40
39 1 28
39 118 34
40 129 41
40 1 28
40 118 34
41 129 39
41 1 28
41 118 34
42 129 43
42 1 28
42 118 38
43 129 44
43 1 28
43 118 38
44 129 42
44 1 28
44 118 38
45 1 25
46 1 25
46 95 47
47 1 25
47 128 48
47 102 49
47 124 46
48 1 25
48 128 52
48 102 53
48 124 46
49 129 50
49 1 25
49 118 47
50 129 51
50 1 25
50 118 47
51 129 49
51 1 25
51 118 47
52 1 25
52 102 56
52 128 47
52 124 46
53 129 54
53 1 25
53 118 48
54 129 55
54 1 25
54 118 48
55 129 53
55 1 25
55 118 48
56 129 57
56 1 25
56 118 52
57 129 58
57 1 25
57 118 52
58 129 56
58 1 25
58 118 52
59 1 22
60 1 22
60 95 61
61 1 22
61 128 62
61 102 63
61 124 60
62 1 22
62 128 66
62 102 67
62 124 60
63 129 64
63 1 22
63 118 61
64 129 65
64 1 22
64 118 61
65 129 63
65 1 22
65 118 61
66 1 22
66 102 70
66 128 61
66 124 60
67 129 68
67 1 22
67 118 62
68 129 69
68 1 22
68 118 62
69 129 67
69 1 22
69 118 62
70 129 71
70 1 22
70 118 66
71 129 72
71 1 22
71 118 66
72 129 70
72 1 22
72 118 66
73 1 11
74 1 11
74 95 75
75 1 11
75 128 76
75 102 77
75 124 74
76 1 11
76 128 80
76 102 81
76 124 74
77 129 78
77 1 11
77 118 75
78 129 79
78 1 11
78 118 75
79 129 77
79 1 11
79 118 75
80 1 11
80 102 84
80 128 75
80 124 74
81 129 82
81 1 11
81 118 76
82 129 83
82 1 11
82 118 76
83 129 81
83 1 11
83 118 76
84 129 85
84 1 11
84 118 80
85 129 86
85 1 11
85 118 80
86 129 84
86 1 11
86 118 80
