# Format: <source_state_id> <instruction_id> <target_state_id>
0 0 1
8 115 71
10 93 69
11 36 34
11 31 35
11 24 36
13 104 32
14 165 30
16 187 28
20 176 26
26 1 20
26 0 27
27 1 20
28 1 16
28 0 29
29 1 16
30 1 14
30 0 31
31 1 14
32 1 13
32 0 33
33 1 13
34 1 11
34 0 66
35 1 11
35 0 63
36 31 37
36 36 38
36 231 39
36 51 11
37 1 36
37 0 60
38 1 36
38 0 57
39 31 40
39 36 41
39 231 42
39 51 11
40 1 39
40 0 54
41 1 39
41 0 51
42 31 43
42 36 44
42 231 36
42 51 11
43 1 42
43 0 48
44 1 42
44 0 45
45 1 42
45 78 46
46 1 45
46 0 47
47 1 45
48 1 42
48 63 49
49 1 48
49 0 50
50 1 48
51 1 39
51 78 52
52 1 51
52 0 53
53 1 51
54 1 39
54 63 55
55 1 54
55 0 56
56 1 54
57 1 36
57 78 58
58 1 57
58 0 59
59 1 57
60 1 36
60 63 61
61 1 60
61 0 62
62 1 60
63 1 11
63 63 64
64 1 63
64 0 65
65 1 63
66 1 11
66 78 67
67 1 66
67 0 68
68 1 66
69 1 10
69 0 70
70 1 10
71 1 8
71 0 72
72 1 8
