# Format: <source_state_id> <instruction_id> <target_state_id>
0 0 1
12 47 20
12 44 21
12 40 22
20 1 12
20 0 227
21 1 12
21 0 226
22 47 23
22 44 24
22 170 25
22 66 26
22 118 12
23 1 22
23 0 213
24 1 22
24 0 212
25 47 77
25 44 78
25 170 79
25 66 80
25 118 12
26 44 27
26 171 29
26 47 28
26 86 22
27 1 26
27 0 76
28 1 26
28 0 63
29 44 30
29 171 32
29 47 31
29 86 22
30 1 29
30 0 62
31 1 29
31 0 49
32 44 33
32 171 26
32 47 34
32 86 22
33 1 32
33 0 48
34 1 32
34 0 35
35 1 32
35 138 36
36 1 32
36 173 37
36 145 38
36 167 35
37 1 32
37 173 41
37 145 42
37 167 35
38 1 32
38 174 39
38 161 36
39 1 32
39 174 40
39 161 36
40 1 32
40 174 38
40 161 36
41 1 32
41 145 45
41 173 36
41 167 35
42 1 32
42 174 43
42 161 37
43 1 32
43 174 44
43 161 37
44 1 32
44 174 42
44 161 37
45 1 32
45 174 46
45 161 41
46 1 32
46 174 47
46 161 41
47 1 32
47 174 45
47 161 41
48 1 32
49 1 29
49 138 50
50 1 29
50 173 51
50 145 52
50 167 49
51 1 29
51 173 55
51 145 56
51 167 49
52 1 29
52 174 53
52 161 50
53 1 29
53 174 54
53 161 50
54 1 29
54 174 52
54 161 50
55 1 29
55 145 59
55 173 50
55 167 49
56 1 29
56 174 57
56 161 51
57 1 29
57 174 58
57 161 51
58 1 29
58 174 56
58 161 51
59 1 29
59 174 60
59 161 55
60 1 29
60 174 61
60 161 55
61 1 29
61 174 59
61 161 55
62 1 29
63 1 26
63 138 64
64 1 26
64 173 65
64 145 66
64 167 63
65 1 26
65 173 69
65 145 70
65 167 63
66 1 26
66 174 67
66 161 64
67 1 26
67 174 68
67 161 64
68 1 26
68 174 66
68 161 64
69 1 26
69 145 73
69 173 64
69 167 63
70 1 26
70 174 71
70 161 65
71 1 26
71 174 72
71 161 65
72 1 26
72 174 70
72 161 65
73 1 26
73 174 74
73 161 69
74 1 26
74 174 75
74 161 69
75 1 26
75 174 73
75 161 69
76 1 26
77 1 25
77 0 199
78 1 25
78 0 198
79 47 131
79 44 132
79 66 133
79 170 22
79 118 12
80 44 81
80 171 83
80 47 82
80 86 25
81 1 80
81 0 130
82 1 80
82 0 117
83 44 84
83 171 86
83 47 85
83 86 25
84 1 83
84 0 116
85 1 83
85 0 103
86 44 87
86 171 80
86 47 88
86 86 25
87 1 86
87 0 102
88 1 86
88 0 89
89 1 86
89 138 90
90 1 86
90 173 91
90 145 92
90 167 89
91 1 86
91 173 95
91 145 96
91 167 89
92 1 86
92 174 93
92 161 90
93 1 86
93 174 94
93 161 90
94 1 86
94 174 92
94 161 90
95 1 86
95 145 99
95 173 90
95 167 89
96 1 86
96 174 97
96 161 91
97 1 86
97 174 98
97 161 91
98 1 86
98 174 96
98 161 91
99 1 86
99 174 100
99 161 95
100 1 86
100 174 101
100 161 95
101 1 86
101 174 99
101 161 95
102 1 86
103 1 83
103 138 104
104 1 83
104 173 105
104 145 106
104 167 103
105 1 83
105 173 109
105 145 110
105 167 103
106 1 83
106 174 107
106 161 104
107 1 83
107 174 108
107 161 104
108 1 83
108 174 106
108 161 104
109 1 83
109 145 113
109 173 104
109 167 103
110 1 83
110 174 111
110 161 105
111 1 83
111 174 112
111 161 105
112 1 83
112 174 110
112 161 105
113 1 83
113 174 114
113 161 109
114 1 83
114 174 115
114 161 109
115 1 83
115 174 113
115 161 109
116 1 83
117 1 80
117 138 118
118 1 80
118 173 119
118 145 120
118 167 117
119 1 80
119 173 123
119 145 124
119 167 117
120 1 80
120 174 121
120 161 118
121 1 80
121 174 122
121 161 118
122 1 80
122 174 120
122 161 118
123 1 80
123 145 127
123 173 118
123 167 117
124 1 80
124 174 125
124 161 119
125 1 80
125 174 126
125 161 119
126 1 80
126 174 124
126 161 119
127 1 80
127 174 128
127 161 123
128 1 80
128 174 129
128 161 123
129 1 80
129 174 127
129 161 123
130 1 80
131 1 79
131 0 185
132 1 79
132 0 184
133 44 134
133 171 136
133 47 135
133 86 79
134 1 133
134 0 183
135 1 133
135 0 170
136 44 137
136 171 139
136 47 138
136 86 79
137 1 136
137 0 169
138 1 136
138 0 156
139 44 140
139 171 133
139 47 141
139 86 79
140 1 139
140 0 155
141 1 139
141 0 142
142 1 139
142 138 143
143 1 139
143 173 144
143 145 145
143 167 142
144 1 139
144 173 148
144 145 149
144 167 142
145 1 139
145 174 146
145 161 143
146 1 139
146 174 147
146 161 143
147 1 139
147 174 145
147 161 143
148 1 139
148 145 152
148 173 143
148 167 142
149 1 139
149 174 150
149 161 144
150 1 139
150 174 151
150 161 144
151 1 139
151 174 149
151 161 144
152 1 139
152 174 153
152 161 148
153 1 139
153 174 154
153 161 148
154 1 139
154 174 152
154 161 148
155 1 139
156 1 136
156 138 157
157 1 136
157 173 158
157 145 159
157 167 156
158 1 136
158 173 162
158 145 163
158 167 156
159 1 136
159 174 160
159 161 157
160 1 136
160 174 161
160 161 157
161 1 136
161 174 159
161 161 157
162 1 136
162 145 166
162 173 157
162 167 156
163 1 136
163 174 164
163 161 158
164 1 136
164 174 165
164 161 158
165 1 136
165 174 163
165 161 158
166 1 136
166 174 167
166 161 162
167 1 136
167 174 168
167 161 162
168 1 136
168 174 166
168 161 162
169 1 136
170 1 133
170 138 171
171 1 133
171 173 172
171 145 173
171 167 170
172 1 133
172 173 176
172 145 177
172 167 170
173 1 133
173 174 174
173 161 171
174 1 133
174 174 175
174 161 171
175 1 133
175 174 173
175 161 171
176 1 133
176 145 180
176 173 171
176 167 170
177 1 133
177 174 178
177 161 172
178 1 133
178 174 179
178 161 172
179 1 133
179 174 177
179 161 172
180 1 133
180 174 181
180 161 176
181 1 133
181 174 182
181 161 176
182 1 133
182 174 180
182 161 176
183 1 133
184 1 79
185 1 79
185 138 186
186 1 79
186 173 187
186 145 188
186 167 185
187 1 79
187 173 191
187 145 192
187 167 185
188 1 79
188 174 189
188 161 186
189 1 79
189 174 190
189 161 186
190 1 79
190 174 188
190 161 186
191 1 79
191 145 195
191 173 186
191 167 185
192 1 79
192 174 193
192 161 187
193 1 79
193 174 194
193 161 187
194 1 79
194 174 192
194 161 187
195 1 79
195 174 196
195 161 191
196 1 79
196 174 197
196 161 191
197 1 79
197 174 195
197 161 191
198 1 25
199 1 25
199 138 200
200 1 25
200 173 201
200 145 202
200 167 199
201 1 25
201 173 205
201 145 206
201 167 199
202 1 25
202 174 203
202 161 200
203 1 25
203 174 204
203 161 200
204 1 25
204 174 202
204 161 200
205 1 25
205 145 209
205 173 200
205 167 199
206 1 25
206 174 207
206 161 201
207 1 25
207 174 208
207 161 201
208 1 25
208 174 206
208 161 201
209 1 25
209 174 210
209 161 205
210 1 25
210 174 211
210 161 205
211 1 25
211 174 209
211 161 205
212 1 22
213 1 22
213 138 214
214 1 22
214 173 215
214 145 216
214 167 213
215 1 22
215 173 219
215 145 220
215 167 213
216 1 22
216 174 217
216 161 214
217 1 22
217 174 218
217 161 214
218 1 22
218 174 216
218 161 214
219 1 22
219 145 223
219 173 214
219 167 213
220 1 22
220 174 221
220 161 215
221 1 22
221 174 222
221 161 215
222 1 22
222 174 220
222 161 215
223 1 22
223 174 224
223 161 219
224 1 22
224 174 225
224 161 219
225 1 22
225 174 223
225 161 219
226 1 12
227 1 12
227 138 228
228 1 12
228 173 229
228 145 230
228 167 227
229 1 12
229 173 233
229 145 234
229 167 227
230 1 12
230 174 231
230 161 228
231 1 12
231 174 232
231 161 228
232 1 12
232 174 230
232 161 228
233 1 12
233 145 237
233 173 228
233 167 227
234 1 12
234 174 235
234 161 229
235 1 12
235 174 236
235 161 229
236 1 12
236 174 234
236 161 229
237 1 12
237 174 238
237 161 233
238 1 12
238 174 239
238 161 233
239 1 12
239 174 237
239 161 233
