# Format: <source_state_id> <instruction_id> <target_state_id>
0 0 1
12 25 20
20 88 21
20 31 22
20 50 23
20 85 12
21 88 28
21 31 29
21 50 30
21 85 12
22 89 26
22 46 20
23 90 24
23 79 20
24 90 25
24 79 20
25 90 23
25 79 20
26 89 27
26 46 20
27 89 22
27 46 20
28 31 35
28 50 36
28 88 20
28 85 12
29 89 33
29 46 21
30 90 31
30 79 21
31 90 32
31 79 21
32 90 30
32 79 21
33 89 34
33 46 21
34 89 29
34 46 21
35 89 39
35 46 28
36 90 37
36 79 28
37 90 38
37 79 28
38 90 36
38 79 28
39 89 40
39 46 28
40 89 35
40 46 28
