# Format: <source_state_id> <instruction_id> <target_state_id>
0 0 1
9 31 20
9 18 21
20 1 9
20 0 66
21 31 22
21 107 23
21 55 9
22 1 21
22 0 53
23 31 24
23 107 25
23 55 9
24 1 23
24 0 40
25 31 26
25 107 21
25 55 9
26 1 25
26 0 27
27 1 25
27 75 28
28 1 25
28 108 29
28 82 30
28 104 27
29 1 25
29 108 33
29 82 34
29 104 27
30 1 25
30 109 31
30 98 28
31 1 25
31 109 32
31 98 28
32 1 25
32 109 30
32 98 28
33 1 25
33 82 37
33 108 28
33 104 27
34 1 25
34 109 35
34 98 29
35 1 25
35 109 36
35 98 29
36 1 25
36 109 34
36 98 29
37 1 25
37 109 38
37 98 33
38 1 25
38 109 39
38 98 33
39 1 25
39 109 37
39 98 33
40 1 23
40 75 41
41 1 23
41 108 42
41 82 43
41 104 40
42 1 23
42 108 46
42 82 47
42 104 40
43 1 23
43 109 44
43 98 41
44 1 23
44 109 45
44 98 41
45 1 23
45 109 43
45 98 41
46 1 23
46 82 50
46 108 41
46 104 40
47 1 23
47 109 48
47 98 42
48 1 23
48 109 49
48 98 42
49 1 23
49 109 47
49 98 42
50 1 23
50 109 51
50 98 46
51 1 23
51 109 52
51 98 46
52 1 23
52 109 50
52 98 46
53 1 21
53 75 54
54 1 21
54 108 55
54 82 56
54 104 53
55 1 21
55 108 59
55 82 60
55 104 53
56 1 21
56 109 57
56 98 54
57 1 21
57 109 58
57 98 54
58 1 21
58 109 56
58 98 54
59 1 21
59 82 63
59 108 54
59 104 53
60 1 21
60 109 61
60 98 55
61 1 21
61 109 62
61 98 55
62 1 21
62 109 60
62 98 55
63 1 21
63 109 64
63 98 59
64 1 21
64 109 65
64 98 59
65 1 21
65 109 63
65 98 59
66 1 9
66 75 67
67 1 9
67 108 68
67 82 69
67 104 66
68 1 9
68 108 72
68 82 73
68 104 66
69 1 9
69 109 70
69 98 67
70 1 9
70 109 71
70 98 67
71 1 9
71 109 69
71 98 67
72 1 9
72 82 76
72 108 67
72 104 66
73 1 9
73 109 74
73 98 68
74 1 9
74 109 75
74 98 68
75 1 9
75 109 73
75 98 68
76 1 9
76 109 77
76 98 72
77 1 9
77 109 78
77 98 72
78 1 9
78 109 76
78 98 72
