# Format: <source_state_id> <instruction_id> <target_state_id>
0 0 1
6 77 20
6 62 21
6 55 22
6 28 23
20 1 6
20 0 109
21 1 6
21 0 108
22 1 6
22 0 107
23 77 24
23 55 25
23 62 26
23 101 27
23 34 28
23 98 6
24 1 23
24 0 106
25 1 23
25 0 105
26 1 23
26 0 104
27 77 49
27 55 50
27 62 51
27 101 52
27 34 53
27 98 6
28 77 29
28 62 30
28 55 31
28 102 32
28 54 23
29 1 28
29 0 48
30 1 28
30 0 47
31 1 28
31 0 46
32 77 33
32 62 34
32 55 35
32 102 36
32 54 23
33 1 32
33 0 45
34 1 32
34 0 44
35 1 32
35 0 43
36 77 37
36 62 38
36 55 39
36 102 28
36 54 23
37 1 36
37 0 42
38 1 36
38 0 41
39 1 36
39 0 40
40 1 36
41 1 36
42 1 36
43 1 32
44 1 32
45 1 32
46 1 28
47 1 28
48 1 28
49 1 27
49 0 103
50 1 27
50 0 102
51 1 27
51 0 101
52 77 74
52 55 75
52 34 77
52 62 76
52 101 23
52 98 6
53 77 54
53 62 55
53 55 56
53 102 57
53 54 27
54 1 53
54 0 73
55 1 53
55 0 72
56 1 53
56 0 71
57 77 58
57 62 59
57 55 60
57 102 61
57 54 27
58 1 57
58 0 70
59 1 57
59 0 69
60 1 57
60 0 68
61 77 62
61 62 63
61 55 64
61 102 53
61 54 27
62 1 61
62 0 67
63 1 61
63 0 66
64 1 61
64 0 65
65 1 61
66 1 61
67 1 61
68 1 57
69 1 57
70 1 57
71 1 53
72 1 53
73 1 53
74 1 52
74 0 100
75 1 52
75 0 99
76 1 52
76 0 98
77 77 78
77 62 79
77 55 80
77 102 81
77 54 52
78 1 77
78 0 97
79 1 77
79 0 96
80 1 77
80 0 95
81 77 82
81 62 83
81 55 84
81 102 85
81 54 52
82 1 81
82 0 94
83 1 81
83 0 93
84 1 81
84 0 92
85 77 86
85 62 87
85 55 88
85 102 77
85 54 52
86 1 85
86 0 91
87 1 85
87 0 90
88 1 85
88 0 89
89 1 85
90 1 85
91 1 85
92 1 81
93 1 81
94 1 81
95 1 77
96 1 77
97 1 77
98 1 52
99 1 52
100 1 52
101 1 27
102 1 27
103 1 27
104 1 23
105 1 23
106 1 23
107 1 6
108 1 6
109 1 6
