# Format: <source_state_id> <instruction_id> <target_state_id>
0 0 1
11 46 20
11 38 21
11 36 22
11 22 23
11 18 24
20 1 11
20 0 102
21 1 11
21 0 101
22 1 11
22 0 88
23 1 11
23 0 87
24 46 25
24 38 26
24 36 27
24 22 28
24 108 29
24 53 11
25 1 24
25 0 86
26 1 24
26 0 85
27 1 24
27 0 72
28 1 24
28 0 71
29 46 30
29 38 31
29 36 32
29 22 33
29 108 34
29 53 11
30 1 29
30 0 70
31 1 29
31 0 69
32 1 29
32 0 56
33 1 29
33 0 55
34 46 35
34 38 36
34 36 37
34 22 38
34 108 24
34 53 11
35 1 34
35 0 54
36 1 34
36 0 53
37 1 34
37 0 40
38 1 34
38 0 39
39 1 34
40 1 34
40 69 41
41 1 34
41 109 42
41 76 43
41 98 40
42 1 34
42 109 46
42 76 47
42 98 40
43 110 44
43 1 34
43 92 41
44 110 45
44 1 34
44 92 41
45 110 43
45 1 34
45 92 41
46 1 34
46 76 50
46 109 41
46 98 40
47 110 48
47 1 34
47 92 42
48 110 49
48 1 34
48 92 42
49 110 47
49 1 34
49 92 42
50 110 51
50 1 34
50 92 46
51 110 52
51 1 34
51 92 46
52 110 50
52 1 34
52 92 46
53 1 34
54 1 34
55 1 29
56 1 29
56 69 57
57 1 29
57 109 58
57 76 59
57 98 56
58 1 29
58 109 62
58 76 63
58 98 56
59 110 60
59 1 29
59 92 57
60 110 61
60 1 29
60 92 57
61 110 59
61 1 29
61 92 57
62 1 29
62 76 66
62 109 57
62 98 56
63 110 64
63 1 29
63 92 58
64 110 65
64 1 29
64 92 58
65 110 63
65 1 29
65 92 58
66 110 67
66 1 29
66 92 62
67 110 68
67 1 29
67 92 62
68 110 66
68 1 29
68 92 62
69 1 29
70 1 29
71 1 24
72 1 24
72 69 73
73 1 24
73 109 74
73 76 75
73 98 72
74 1 24
74 109 78
74 76 79
74 98 72
75 110 76
75 1 24
75 92 73
76 110 77
76 1 24
76 92 73
77 110 75
77 1 24
77 92 73
78 1 24
78 76 82
78 109 73
78 98 72
79 110 80
79 1 24
79 92 74
80 110 81
80 1 24
80 92 74
81 110 79
81 1 24
81 92 74
82 110 83
82 1 24
82 92 78
83 110 84
83 1 24
83 92 78
84 110 82
84 1 24
84 92 78
85 1 24
86 1 24
87 1 11
88 1 11
88 69 89
89 1 11
89 109 90
89 76 91
89 98 88
90 1 11
90 109 94
90 76 95
90 98 88
91 110 92
91 1 11
91 92 89
92 110 93
92 1 11
92 92 89
93 110 91
93 1 11
93 92 89
94 1 11
94 76 98
94 109 89
94 98 88
95 110 96
95 1 11
95 92 90
96 110 97
96 1 11
96 92 90
97 110 95
97 1 11
97 92 90
98 110 99
98 1 11
98 92 94
99 110 100
99 1 11
99 92 94
100 110 98
100 1 11
100 92 94
101 1 11
102 1 11
