# Format: <source_state_id> <instruction_id> <target_state_id>
0 0 1
6 58 20
6 55 21
6 28 22
20 1 6
20 0 83
21 1 6
21 0 82
22 55 23
22 100 25
22 34 26
22 58 24
22 97 6
23 1 22
23 0 81
24 1 22
24 0 80
25 55 41
25 100 43
25 34 44
25 58 42
25 97 6
26 58 27
26 55 28
26 101 29
26 54 22
27 1 26
27 0 40
28 1 26
28 0 39
29 58 30
29 55 31
29 101 32
29 54 22
30 1 29
30 0 38
31 1 29
31 0 37
32 58 33
32 55 34
32 101 26
32 54 22
33 1 32
33 0 36
34 1 32
34 0 35
35 1 32
36 1 32
37 1 29
38 1 29
39 1 26
40 1 26
41 1 25
41 0 79
42 1 25
42 0 78
43 55 59
43 34 61
43 100 22
43 58 60
43 97 6
44 58 45
44 55 46
44 101 47
44 54 25
45 1 44
45 0 58
46 1 44
46 0 57
47 58 48
47 55 49
47 101 50
47 54 25
48 1 47
48 0 56
49 1 47
49 0 55
50 58 51
50 55 52
50 101 44
50 54 25
51 1 50
51 0 54
52 1 50
52 0 53
53 1 50
54 1 50
55 1 47
56 1 47
57 1 44
58 1 44
59 1 43
59 0 77
60 1 43
60 0 76
61 58 62
61 55 63
61 101 64
61 54 43
62 1 61
62 0 75
63 1 61
63 0 74
64 58 65
64 55 66
64 101 67
64 54 43
65 1 64
65 0 73
66 1 64
66 0 72
67 58 68
67 55 69
67 101 61
67 54 43
68 1 67
68 0 71
69 1 67
69 0 70
70 1 67
71 1 67
72 1 64
73 1 64
74 1 61
75 1 61
76 1 43
77 1 43
78 1 25
79 1 25
80 1 22
81 1 22
82 1 6
83 1 6
